405.664
346.604
298.298
288.829
222.736
342.997
198.139
115.739
386.524
78.0478
383.972
251.897
426.41
93.7991
316.482
392.19
47.606
364.7
278.05
245.81
264.299
284.432
176.813
262.173
328.922
433.014
349.237
306.238
259.461
344.326
425.661
239.356
252.52
284.046
391.086
263.201
342.446
430.323
304.565
253.083
253.777
429.464
270.122
373.65
274.253
125.596
318.787
281.613
349.602
253.36
30.8591
67.991
424.33
251.827
327.792
256.542
336.292
321.473
342.099
412.578
410.844
292.236
265.965
118.58
126.017
309.328
293.061
367.36
288.606
353.993
309.468
387.595
264.16
283.982
64.6364
359.419
256.473
366.941
434.042
366.982
250.735
239.549
221.032
287.619
322.694
247.978
237.733
405.251
413.757
352.121
206.156
303.005
276.213
115.248
175.579
353.934
332.238
227.626
256.975
290.22
373.712
305.579
270.08
232.706
322.498
269.05
301.538
374.769
284.294
395.821
312.408
248.705
314.099
329.445
415.271
96.7072
233.303
410.716
328.813
342.976
53.8936
391.789
364.528
297.542
203.45
430.208
397.98
398.162
416.831
235.353
263.449
232.807
283.295
333.965
358.832
246.629
333.097
294.66
112.028
350.564
326.781
78.708
320.078
352.117
208.85
360.459
399.822
286.983
215.005
321.16
219.855
391.794
304.812
408.271
390.507
295.504
98.1237
236.856
296.885
302.268
197.187
258.85
235.866
400.919
239.842
365.928
114.195
254.887
145.215
299.426
271.146
241.899
338.381
337.786
125.888
327.277
242.589
97.2936
266.209
417.491
360.606
233.714
58.8778
419.411
116.712
413.884
143.164
415.515
265.866
264.629
269.354
369.426
363.766
321.954
239.088
140.111
133.816
32.2828
270.195
287.106
327.893
303.204
164.496
308.842
371.915
282.784
135.068
403.385
206.836
179.773
332.021
301.678
279.925
244.774
303.871
293.104
300.394
231.782
368.632
190.282
35.9484
101.957
354.595
352.564
347.559
64.0499
332.76
396.297
63.6343
376.816
90.0208
396.102
431.273
193.787
283.042
147.371
130.657
62.7126
325.537
378.288
262.686
379.449
168.096
277.199
52.5088
378.165
430.17
198.881
352.519
207.69
250.941
57.9534
362.801
324.923
274.124
381.01
378.129
382.202
328.106
279.424
114.266
382.921
428.049
324.68
186.402
77.211
226.909
335.625
347.302
308.272
165.353
132.446
349.378
381.312
258.089
286.941
355.399
270.082
358.484
146.458
392.382
146.145
278.821
375.625
248.063
252.941
287.343
264.839
252.019
395.746
302.564
287.968
298.551
273.043
323.351
397.498
429.54
111.034
364.374
398.818
389.101
287.157
289.432
259.237
326.095
294.067
222.011
360.14
376.756
381.349
305.777
291.676
363.606
357.1
56.5523
328.825
266.527
86.2983
258.868
386.498
152.001
357.882
137.923
371.202
358.595
69.7749
54.6688
430.913
280.155
313.497
337.195
403.954
297.885
353.475
330.323
308.459
295.183
398.615
71.0577
324.052
367.455
267.028
163.879
354.319
383.066
279.571
340.918
395.823
427.35
306.866
247.251
237.047
299.157
263.931
293.259
376.262
244.484
153.636
232.337
277.181
249.892
337.774
275.514
269.384
279.171
366.948
292.599
432.114
278.799
433.514
342.929
357.884
87.3724
250.155
233.405
249.061
247.114
220.881
424.878
430.654
343.027
408.19
363.599
241.34
289.637
263.527
278.392
152.358
220.391
283.758
238.867
262.471
432.059
428.698
275.529
390.485
284.614
261.362
268.39
253.674
379.844
362.117
217.851
407.848
49.438
381.758
323.662
268.241
397.214
368.957
410.432
383.459
362.787
47.5903
274.94
258.723
203.061
313.249
422.169
413.695
232.381
342.08
417.422
318.309
360.354
324.068
333.463
326.255
369.06
264.305
432.742
357.585
258.838
290.816
297.329
428.593
408.314
239.171
427.976
228.003
391.505
378.789
427.447
148.636
309.211
269.749
311.668
291.278
290.98
205.129
267.436
309.076
309.278
277.913
224.174
407.186
142.532
335.001
265.75
285.267
385.295
297.046
318.463
383.773
171.485
282.545
43.5594
261.336
91.2202
234.897
268.701
292.698
272.655
233.67
94.565
210.502
372.326
415.149
316.792
310.679
283.03
304.018
159.668
256.393
413.058
220.103
256.266
125.529
288.191
332.554
203.481
337.847
301.969
174.852
321.809
98.8667
312.602
425.006
122.018
256.191
386.213
310.344
293.234
32.8362
402.151
396.519
391.179
252.288
124.218
311.716
250.799
395.656
419.619
238.116
266.196
337.835
184.192
295.81
238.974
70.6824
98.5203
335.409
339.598
171.004
344.697
300.663
284.268
244.223
282.691
428.587
350.998
432.317
410.327
355.895
397.325
220.062
263.584
342.866
370.838
123.867
124.89
319.633
406.699
420.345
213.312
396.387
348.315
199.86
417.247
373.661
283.189
418.203
211.241
395.214
293.535
212.733
395.125
397.825
355.19
62.6133
409.351
260.484
309.524
137.695
307.353
246.556
348.356
237.372
351.117
139.512
310.815
330.417
323.261
421.929
131.304
196.737
303.382
340.579
393.33
324.816
285.871
148.636
350.801
263.602
424.206
62.3515
259.27
354.885
116.02
265.873
332.086
270.219
298.817
238.18
303.994
125.58
376.67
111.159
324.927
260.912
288.398
396.261
342.424
413.455
346.087
365.457
274.083
399.959
357.039
119.937
334.641
93.8574
180.899
297.027
306.095
181.618
320.737
311.107
257.811
308.394
406.647
406.98
308.005
301.315
199.605
239.791
257.893
212.621
402.867
334.958
309.767
313.761
134.316
232.395
346.314
332.653
114.05
121.454
259.075
245.471
370.216
362.343
305.064
422.609
319.37
275.824
357.336
292.423
370.761
367.503
101.434
366.102
374.435
287.696
292.999
335.591
325.822
323.781
424.951
293.68
204.401
373.15
259.045
205.946
121.682
390.675
264.425
96.3268
68.4933
291.729
310.078
411.756
285.112
342.833
68.3197
246.241
260.693
383.33
67.1699
367.67
288.581
325.571
319.49
140.448
169.607
383.812
242.507
313.05
240.985
356.387
233.111
239.458
322.683
316.716
323.442
286.377
210.823
333.216
139.226
212.68
281.76
280.662
232.338
388.362
395.629
433.301
257.37
104.314
88.9259
322.156
249.185
306.636
430.875
168.856
415.329
254.031
428.123
385.359
364.136
241.238
418.704
138.258
279.978
267.219
301.188
417.157
332.759
401.096
349.941
345.857
308.848
409.084
292.436
412.521
406.376
430.925
400.114
242.424
314.277
254.462
365.905
377.306
302.874
353.5
326.051
407.472
426.662
262.578
112.185
309.135
257.153
347.155
249.626
119.75
246.959
104.394
319.942
267.951
199.757
407.345
184.636
270.427
310.234
291.884
406.657
191.807
156.517
141.132
254.431
312.976
375.524
365.941
383.685
236.097
234.799
363.142
183.396
377.6
410.019
113.393
428.872
365.432
349.672
193.928
298.514
370.557
403.513
357.967
401.843
388.548
414.743
282.333
130.209
317.373
379.773
364.579
168.624
382.499
345.86
412.003
386.815
355.43
319.101
163.786
367.802
245.368
374.703
120.611
424.094
68.4801
38.8287
294.893
336.549
406.7
347.247
268.104
282.284
426.951
397.66
432.524
314.736
218.585
410.439
104.474
222.217
318.211
322.463
397.524
284.352
326.897
266.136
312.861
362.289
107.554
193.533
271.284
238.196
325.674
368.537
258.549
415.42
428.44
414.152
286.492
303.82
339.313
412.126
54.3976
336.622
377.602
314.554
343.261
279.934
237.364
295.128
316.293
319.478
172.278
349.474
404.193
393.316
384.088
376.287
271.376
379.466
416.543
90.3727
43.8642
334.097
319.811
378.917
412.393
277.766
376.897
246.246
282.568
264.541
166.701
311.623
387.26
399.969
241.742
211.915
417.885
318.002
385.982
235.849
396.479
396.615
364.593
259.528
365.936
377.214
339.849
320.681
338.563
40.157
357.836
250.196
354.258
85.8274
255.804
350.004
253.064
251.39
179.691
272.148
281.206
372.626
65.6829
108.589
265.794
115.249
87.5647
232.857
376.028
390.631
392.738
276.106
110.169
262.305
360.022
224.343
361.53
396.547
282.384
214.313
284.31
407.758
72.7568
363.446
190.012
163.129
349.94
135.857
390.214
335.093
146.1
311.937
296.643
335.833
282.461
370.411
367.654
407.457
238
434.078
400.693
387.228
418.749
41.9593
278.511
284.964
151.687
421.768
195.412
326.79
223.226
360.051
260.18
409.586
285.474
410.504
400.071
84.0688
233.421
296.273
264.997
274.484
380.291
237.082
250.147
116.546
305.412
429.691
286.125
308.198
339.376
309.729
230.066
357.026
291.017
228.126
331.226
77.3616
191.415
168.402
288.78
292.608
233.992
379.45
289.81
313.751
277.21
359.383
405.688
358.128
397.934
306.254
270.737
341.316
336.107
342.531
305.589
317.378
59.6832
300.804
334.318
262.24
180.674
301.43
157.484
287.935
77.4723
239.492
433.546
224.689
200.919
88.5594
286.291
143.574
341.458
222.068
262.882
298.503
295.097
367.142
254.912
266.93
200.596
228.784
396.83
310.219
393.111
85.1908
397.302
312.69
359.585
279.712
252.1
267.107
307.848
317.066
301.784
331.277
298.278
311.091
369.291
267.751
143.152
77.8225
127.283
223.278
375.545
340.24
315.039
235.491
328.431
168.27
325.973
287.113
340.348
306.086
347.776
356.361
193.472
420.982
248.499
34.0404
397.926
341.75
404.601
372.254
215.428
419.382
325.706
388.418
36.4188
433.573
200.833
265.648
129.074
197.222
256.172
266.735
380.602
296.173
77.8029
327.386
383.186
308.586
315.839
408.781
322.484
343.366
317.173
340.97
259.099
406.206
401.034
353.641
321.209
210.481
349.673
317.519
244.678
271.542
363.734
236.507
297.611
108.327
183.435
385.033
380.896
170.434
111.516
315.688
338.151
286.099
318.685
371.489
324.181
182.037
316.036
250.118
357.281
201.605
404.984
240.529
324.849
343.829
319.706
380.071
352.648
126.2
105.56
357.876
244.79
332.029
219.151
326.054
256.946
103.786
302.191
357.346
313.083
257.218
351.754
232.541
52.7204
428.952
432.191
312.417
242.479
246.772
250.199
350.601
36.3063
362.821
421.247
399.272
251.579
368.303
337.439
277.772
267.159
120.955
318.917
329.578
376.593
326.444
327.325
353.667
320.727
67.9597
380.222
289.867
304.862
432.046
306.872
267.852
398.927
379.803
359.325
67.6209
249.25
41.9851
92.7791
412.885
431.178
82.1664
115.144
277.635
341.425
386.633
376.592
247.799
355.54
391.456
369.102
297.343
178.62
269.806
419.574
254.594
377.966
274.924
47.8709
345.719
371.914
267.417
426.237
317.581
364.319
377.025
295.742
314.698
427.701
294.623
244.555
396.42
340.293
359.419
324.016
285.248
421.731
346.642
94.8113
186.052
114.424
337.077
208.462
298.533
330.945
253.938
406.444
248.66
281.697
319.956
258.305
425.376
182.964
262.416
64.45
296.088
368.163
255.387
154.378
127.967
207.516
321.69
256.133
134.27
416.76
113.575
255.537
399.044
133.494
42.7314
359.102
355.167
306.017
346.359
261.445
402.476
389.005
289.705
368.003
280.806
298.983
256.765
401.621
350.098
402.167
243.465
32.5121
166.822
319.271
130.126
423.323
233.578
387.501
393.204
340.751
410.272
411.049
78.4057
252.569
430.03
373.238
234.026
308.157
339.464
256.997
321.324
43.3457
373.977
344.583
302.138
358.904
317.732
363.483
175.549
242.393
255.615
322.481
296.761
364.661
324.126
343.867
387.046
364.633
88.0435
75.4375
312.227
373.523
288.048
247.514
143.118
307.027
389.835
115.066
375.81
285.546
385.691
431.204
329.175
381.334
273.796
155.199
134.797
387.813
289.888
243.583
360.352
361.531
287.087
40.3617
249.371
286.425
198.06
279.098
156.393
316.07
326.52
363.158
131.913
111.592
322.923
277.212
258.074
361.297
426.075
237.833
363.355
412.057
267.05
154.323
261.341
428.518
338.983
240.666
233.719
244.13
377.889
268.261
121.289
289.512
335.292
263.337
311.841
369.446
307.543
352.307
334.132
67.4473
335.741
386.878
292.198
289.158
30.7193
289.575
359.054
283.903
280.987
56.0994
402.013
306.292
378.875
262.293
261.513
359.563
304.358
375.127
391.47
352.662
266.2
151.581
123.222
271.553
398.83
259.25
236.679
279.138
309.053
410.822
361.749
386.06
411.754
317.818
264.621
173.503
145.661
309.523
34.7758
347.366
279.377
150.728
276.461
370.305
45.9941
78.5116
350.29
328.743
349.12
234.32
240.927
90.9248
187.429
232.859
381.125
47.2766
337.406
343.308
433.653
319.078
202.849
407.906
373.279
363.523
297.014
279.915
426.572
344.48
163.072
418.836
372.674
405.055
261.641
279.766
273.184
403.113
303.978
321.222
408.28
386.803
279.527
37.1679
376.296
407.81
154.06
232.243
368.419
173.316
64.4032
304.105
327.355
70.878
381.005
367.626
405.556
257.865
41.3727
163.212
239.91
287.05
377.715
335.12
396.657
290.714
286.176
276.431
332.561
303.096
389.932
135.765
363.941
239.408
161.262
310.875
252.345
281.197
127.943
337.758
310.953
235.342
291.904
404.835
153.566
414.578
382.206
340.986
380.301
278.874
274.974
261.879
239.675
399.018
342.57
346.776
416.772
317.343
339.95
410.616
277.435
396.038
118.796
81.2993
419.992
426.155
131.412
274.534
400.159
381.517
251.687
51.6971
326.099
309.781
429.554
247.404
356.009
433.159
351.936
243.004
327.855
149.714
351.689
314.958
205.228
299.202
172.029
251.92
44.9102
143.335
426.973
273.031
409.299
368.177
291.853
295.471
314.653
240.566
192.494
325.529
311.845
288.682
362.173
226.003
400.323
217.688
318.345
276.009
282.801
246.736
341.564
263.814
249.906
384.54
195.681
268.824
287.891
332.568
269.954
252.308
170.22
347.513
100.736
332.247
308.255
232.363
349.327
388.501
164.945
361.129
406.842
237.752
277.946
345.753
288.035
133.554
253.542
134.048
307.939
293.206
361.161
242.219
297.075
254.214
298.031
280.956
269.888
398.04
429.591
275.499
144.561
183.802
37.4229
188.912
251.106
286.844
433.912
268.25
388.195
367.987
186.365
269.148
370.53
184.809
373.171
280.236
314.131
222.539
161.068
386.93
382.043
399.711
216.622
184.843
74.2846
329.546
384.206
244.062
398.828
379.71
330.24
196.717
366.734
402.519
432.1
143.295
384.24
270.191
241.878
74.2368
102.387
378.458
246.867
254.374
239.319
225.691
257.608
352.568
273.183
226.805
120.008
45.8961
162.469
396.126
327.2
347.172
243.613
357.703
262.358
240.459
98.6296
293.747
381.867
289.172
407.155
421.371
