-39.6193
-61.1388
-59.9006
-55.0141
-179.315
-112.981
-343.664
103.911
-113.772
-18.3335
56.9264
-22.7969
87.1613
10.8894
-55.8361
103.383
-97.8585
-73.7859
90.4393
-56.1927
-73.3444
-141.843
-121.367
27.9529
-26.118
-158.257
-63.0421
-147.814
12.7086
-23.0309
-116.657
-12.2947
-95.5014
-44.966
-11.9553
-23.3318
164.075
-150.816
-221.994
-22.9568
48.2561
-205.421
-58.3374
91.5367
-16.2193
-53.5396
22.1656
108.96
-42.8223
-110.153
242.517
-133.322
-352.135
-7.27258
-13.7992
-78.8613
130.807
-77.1515
-167.709
-283.016
-149.231
-80.4968
-120.61
104.198
7.1086
-19.2731
-135.79
-110.828
-39.0428
23.6966
-49.7138
-89.3879
30.06
-5.24094
50.9761
-86.7203
43.2155
27.8982
-8.83066
23.3885
-17.496
-184.492
143.216
-32.2703
-115.856
-138.606
-64.8053
-16.5842
-43.996
-70.4531
109.791
-53.8635
-73.231
-265.298
87.3053
-87.1281
-10.0431
35.7542
-73.6766
-117.57
-76.9031
-23.858
204.789
-180.124
-110.458
56.5965
-58.2519
-16.273
180.669
-301.666
-32.4583
-16.5941
328.486
-40.105
-119.862
56.8578
-6.63536
45.99
-134.685
-143.843
31.5436
-73.8031
-67.5741
-187.859
184.531
-85.9383
-3.95589
21.34
-113.182
-100.827
-87.582
-95.5406
-44.7123
-229.697
-45.0811
-26.3032
-238.302
-112.59
-43.9412
-164.276
-67.5739
-127.413
-170.303
-25.1695
47.3865
-56.7665
-8.14082
-146.589
-75.4665
-112.073
-199.928
-15.6557
-309.685
275.028
-112.089
124.525
29.195
-58.4215
-18.029
-15.3271
12.4971
-43.2077
-12.3968
-37.4932
-34.8492
-116.658
-142.024
33.8892
170.853
44.9551
-19.6695
-48.1873
20.5213
-128.537
-8.48147
-98.6607
68.3121
-37.4253
-20.9755
49.0738
-27.9477
40.6586
4.46273
-5.37575
37.7231
-49.9573
39.1838
-43.9979
-74.7689
-36.5311
-104.499
-95.3697
-14.1027
-74.7724
-296.879
-103.334
62.3763
-39.4283
-22.4925
-34.3118
-11.0155
-13.2024
122.458
-37.7019
-41.0108
113.008
68.6841
-39.4196
31.3841
13.1041
-107.186
-30.335
-74.6775
-5.32968
-22.406
36.2427
-106.74
-245.879
-36.3791
10.1988
-108.462
-24.2188
-136.847
-133.947
-24.77
122.913
-38.9209
-78.9642
65.9411
27.2618
65.3687
57.1935
176.809
43.7273
-109.156
25.4525
104.883
24.087
254.644
-32.343
-40.9538
-78.6379
-134.571
-161.178
25.89
19.4782
-42.4265
9.8797
-54.9308
90.0205
-6.15537
22.3369
-181.819
-349.262
-176.695
-328.964
-47.3817
6.96572
-64.5608
-24.622
-343.639
-48.4335
92.7338
-32.5789
-6.79212
37.0317
-130.756
-109.197
-164.109
-20.4197
9.08226
139.454
-8.88734
-151.449
-12.6374
-24.5931
-49.0937
41.2794
-44.521
10.3583
-63.3498
-37.5541
-183.015
-46.1698
-127.131
52.4517
-64.1041
-31.7889
-91.0285
70.2135
-152.55
-166.368
-46.8599
-54.0535
-24.6653
-41.6108
-167.51
-64.9409
37.2188
125.668
-50.134
-89.886
-68.755
-147.294
291.342
-51.7012
30.3711
-88.832
-115.278
-46.5647
-21.8589
-43.9187
-69.5087
-320.153
11.1328
-61.4532
-62.7417
331.43
-74.1496
-29.1983
-22.483
-84.5913
28.2878
11.0434
-114.334
11.3442
8.62154
-143.515
-22.5349
47.1226
-40.4684
-29.1456
-11.0278
33.6827
-38.2106
-14.409
58.8632
-156.008
183.28
-34.1294
119.809
-119.864
-216.104
-89.4686
-76.074
-17.9142
-75.0431
-146.771
-135.666
-250.531
-9.47196
-87.4084
-29.6737
-58.034
-14.9105
-26.1891
-29.2364
-105.21
-100.705
-87.7096
-26.6136
-305.524
-104.954
-48.8515
-58.4726
-64.7269
-20.3627
-91.9473
-16.0378
-76.5502
-44.725
-75.8426
48.9638
-79.0767
-68.4055
-38.5568
-7.65272
-35.8111
-181.621
18.3895
-13.7041
-90.1211
-39.4584
107.741
-189.516
-121.971
-14.9699
-22.1124
134.505
-17.2235
11.3189
77.1924
-111.851
31.3304
-66.3302
-52.756
-75.1911
-228.191
-4.64505
-16.0282
-59.9596
46.074
-106.975
-44.8497
138.172
148.585
-121.237
-36.5605
-69.1953
-40.0674
15.9985
64.9564
-62.0028
84.8903
-129.119
45.8247
122.78
-26.1896
-55.1214
-132.4
-59.3194
-65.931
-166.316
-355.982
-8.34716
-144.371
-8.54571
-345.941
-11.9099
-80.9335
-48.3883
-63.3415
-32.4229
-151.672
-9.08398
-164.591
-9.84828
-110.573
-17.1598
9.82579
-113.956
-135.84
-43.207
11.2246
-1.04565
-26.4853
-161.799
-135.445
-22.2389
-36.2942
-62.5774
-16.1656
-35.2475
-68.2239
20.3174
-28.6062
92.1617
-47.2738
-122.322
-79.1325
-70.6586
-94.8415
94.0113
-83.4309
68.9727
-70.8306
-38.0938
-62.408
-75.5167
-22.4382
-42.6325
-12.5177
-45.9465
-168.802
53.2043
114.48
-113.577
-14.0148
-24.9999
-28.5573
-164.979
-55.6586
-66.0779
-138.178
-54.678
263.666
-57.8469
14.7974
-118.756
42.5069
-233.3
-44.536
-14.2605
-102.811
-46.0031
-99.0408
35.2107
-125.992
-19.2659
-47.0783
-146.275
-4.07882
-6.1117
-15.7929
0.487643
-12.7148
-16.856
-61.8003
-109.005
-21.2336
-14.0673
-23.5321
-3.62051
-88.9857
-23.9698
-133.436
103.81
-247.347
22.4329
13.3075
60.1584
-176.515
-84.3056
96.5127
-28.4159
12.2208
-38.4429
-53.6799
-184.92
-19.4231
-124.369
3.80778
-211.759
-151.125
-31.0704
86.6623
-144.113
-305.908
-310.834
-162.459
53.1881
-176.413
-103.131
-19.1078
26.7112
-31.0736
-35.4429
60.0363
30.5597
-167.209
-52.9641
-2.40531
-42.969
-74.3314
-108.382
142.23
-219.422
-221.26
-4.95043
205.663
-28.9426
-2.54348
-60.0676
78.9707
21.6849
-11.4344
5.94128
-170.245
-143.111
-205.413
-61.0864
-50.4165
-19.6199
-127.767
1.55329
-183.626
-6.8899
-103.219
-134.205
-207.589
-83.084
107.875
337.312
64.2465
-93.5448
11.9594
7.34707
-15.5827
73.8854
-117.158
-112.138
-83.1633
-86.7511
323.673
-12.7838
36.3287
16.9185
41.6722
-135.567
-178.668
-45.2759
-343.038
-10.6406
12.5164
21.1237
32.4201
-47.4005
-72.0793
-69.0438
-43.034
-172.799
13.3985
-115.005
-167.08
-38.6845
6.48136
-201.93
-92.7937
-115.463
-37.6669
-71.0929
-56.5478
-172.843
-102.451
220.448
322.093
274.578
87.2508
-77.3832
-56.2911
7.52012
-16.261
-343.5
-271.883
-81.4524
-125.214
28.8733
-12.8667
-68.8955
14.2389
-312.475
15.5174
3.80627
-145.157
-71.6091
-107.163
11.8239
-150.12
-15.9026
-203.906
60.804
-44.1082
-215.157
-7.75856
-108.776
16.0162
-92.4919
-111.871
-181.759
-30.4432
19.5676
-108.153
-175.085
-10.5635
23.6537
-15.6956
-24.5072
-9.53778
27.3197
-185.715
-73.7448
6.14061
21.6553
-292.336
50.0809
-20.5252
-14.7291
77.8484
309.622
-106.44
-35.5291
-124.424
-14.2745
-213.623
169.909
-204.072
-12.4949
-15.4017
17.2817
-61.7549
-36.1052
-178.519
-4.73545
-37.0612
9.61315
57.5504
74.0697
-75.962
-114.369
293.489
-89.9964
-8.8535
-98.0173
-125.731
-31.366
12.3745
-40.1511
-53.6789
60.8893
-5.02182
94.1552
126.795
-83.1528
32.2469
66.6874
-42.9122
86.3155
33.0683
-57.9367
21.5286
-71.4012
-24.626
-139.052
-36.7369
-94.5613
-38.8238
-82.8307
-209.452
-128.234
-14.3221
-21.6193
-114.074
24.7606
-43.9799
-17.9413
20.2956
-73.3758
-82.7901
-52.2797
-8.34665
-60.1359
-121.284
-12.1247
-11.5781
91.4169
-177.671
-43.1244
-15.8667
-347.918
-53.4177
-129.694
23.6617
-31.686
-39.324
-12.0766
-86.4819
-198.419
-37.0886
21.8858
-55.9755
296.167
91.6756
-176.195
6.36466
16.8521
-210.749
72.0355
148.637
-42.918
-165.761
-235.715
-209.4
-16.8598
-95.4788
-49.829
-29.829
5.10288
44.7255
-66.883
-54.1935
10.2029
-129.898
-48.0833
21.8158
-71.1634
-134.26
-197.098
-106.154
-61.5153
-34.9426
-144.035
-31.3951
-78.8629
39.0905
-30.5859
-110.612
-27.8419
-122.321
-118.209
-223.62
60.3496
-44.2783
-13.1223
-11.7781
-40.426
8.97599
-24.7376
-345.945
-131.367
122.056
63.8116
244.708
-126.564
-73.9026
332.958
-34.6617
68.9758
-14.2182
-114.265
79.8793
-45.6787
-204.524
-248.735
190.729
36.4498
-18.3508
-6.68586
1.1427
-20.5882
-90.6548
-54.1838
-73.4506
-44.7282
-101.318
27.4354
-17.1025
17.9149
25.4296
-15.1821
-37.0903
-116.84
-26.7577
-21.3783
-24.7948
-34.868
-89.5148
-292.576
40.9528
-164.721
-47.2997
-15.6468
-51.7507
26.9659
-104.335
59.7003
-66.7742
-43.8489
-69.7961
119.884
-83.3895
183.431
-58.5889
-125.883
-62.6725
-14.7147
-33.988
34.5038
-48.8135
11.7221
-10.3837
-24.3907
-13.5378
14.9772
-7.76284
-30.6911
-23.3747
-44.6858
40.318
-16.0383
-112.721
12.7241
-81.3336
-68.0575
34.8211
-44.0731
-75.8626
11.5668
-8.79823
-45.9069
321.511
-78.4718
-33.59
-36.4977
38.7083
-119.591
-190.697
319.242
37.0382
-76.6322
-39.3204
65.1315
45.0129
-20.7446
-147.954
14.4948
16.7224
-26.1122
-140.189
-72.2927
-177.866
-348.133
-55.6023
133.734
12.6257
-182.218
-129.401
-138.111
-28.5218
-37.705
32.4146
-92.7005
-23.3108
144.439
-14.8753
38.8081
54.0787
-17.1414
-54.8702
-142.477
70.2595
-24.0899
15.4966
-21.8461
-270.038
13.1474
-224.921
-97.2177
-227.28
-116.046
-45.5924
-82.3597
-161.609
-58.3749
-28.5459
-7.77848
65.2384
21.0819
-91.7105
-6.27973
-49.2841
-118.924
-132.306
-118.84
32.2443
-67.2178
-59.0987
-60.0713
146.074
18.1986
-9.47063
-12.7121
-93.8359
-49.0592
-122.891
43.4005
41.9934
-49.7425
-63.0424
-25.6123
-68.2378
-90.4603
-41.0425
-238.786
13.3941
133.036
-26.4384
-88.0333
-30.9274
-50.5171
52.5972
-77.2468
-88.0573
17.9649
-169.379
-5.77153
46.929
-36.9866
-210.253
88.2645
-81.6344
-58.3791
28.2644
-22.6907
-11.4711
-106.695
-22.3617
-97.2735
-39.966
-11.2854
-17.3531
-140.709
-15.0049
-129.979
-158.76
-112.109
-10.1457
-38.8214
-50.4965
-62.74
92.1317
-80.0143
3.5964
-88.5423
105.376
-79.1731
-312.752
19.3904
38.7549
-68.7154
6.82479
23.3355
-78.4715
15.4189
-11.2555
-47.2846
-32.5835
-210.824
-175.856
-78.3224
25.6072
-122.708
-12.1524
6.74082
-293.389
158.809
-261.664
-20.9628
-53.6252
-70.0251
-18.8638
-36.9187
-11.8373
73.9519
-37.0364
-58.32
-21.4291
-5.32752
-53.8804
-87.0879
159.544
-28.3118
7.42071
27.4696
340.929
42.6279
-68.1102
-41.6306
-29.7418
35.0043
127.679
-230.375
-17.4978
-66.2264
-151.376
-155.498
34.3019
-13.323
21.3908
-20.7844
-142.035
-14.8142
-56.9113
-46.0105
253.792
25.742
9.11021
-23.3714
18.8253
-42.6089
-342.527
16.0138
171.12
34.5121
-27.5406
-77.6934
-156.071
-62.7809
-115.356
22.0056
-106.812
-87.083
-19.6268
-78.0444
-6.74085
-63.8417
-72.7301
47.6118
-29.4519
88.1431
-28.262
-260.664
26.7584
21.1662
-25.7882
31.2851
-13.4091
80.3636
-245.761
-100.469
-53.2917
48.2324
5.16126
-35.8852
-59.1827
-171.884
-48.627
-32.803
18.4437
-156.003
-6.42618
29.4595
77.7193
32.3574
-60.4968
-113.626
-55.2002
2.03599
-103.977
-6.72799
-266.942
-11.4591
-155.398
-134.805
-32.8893
50.8888
43.1658
-29.0564
-33.6986
-76.5607
83.3413
-14.4952
-58.6319
298.962
-28.1167
-88.7767
-34.3258
-97.0436
-50.1801
-27.7991
141.59
-36.8525
-120.785
-209.015
-15.9083
-86.951
-150.726
-15.7554
-43.4923
-46.5345
87.6811
-75.3006
103.188
-29.9054
-45.7305
-7.59048
-30.055
60.0979
-15.7626
-15.1017
113.644
-68.4763
-47.1387
-67.0736
-251.713
212.979
-113.509
80.1335
-17.0656
-38.9206
-58.0164
19.6907
-124.91
-31.9502
-66.2048
-90.9215
30.0571
47.2783
-147.225
-154.172
-308.516
50.0324
72.8257
43.3631
-18.5428
-26.5316
-60.9677
-38.4376
-53.2802
245.597
302.492
-42.9235
14.9199
-37.5892
-8.36172
-87.9054
-28.1556
-19.0132
219.608
-210.214
245.771
-26.8942
-134.933
-89.0869
35.8657
-55.85
-112.733
62.8155
-50.7395
83.9062
-53.1439
-38.0161
-122.349
-106.698
-305.395
-23.433
-33.5373
-281.28
-109.725
79.499
187.273
-21.141
34.2985
-175.325
-136.398
-185.857
-109.023
-10.4331
-42.7036
97.5672
-101.442
21.6738
-66.9953
333.739
32.6376
-33.2035
269.651
-11.129
-118.986
-96.2659
206.216
-8.81896
-19.26
55.1943
-128.204
291.335
-77.5934
-37.5475
32.5782
-344.79
-86.0157
-135.842
-43.8897
-55.7085
-166.671
-74.8377
22.4247
-94.9188
-88.4532
-75.5261
-133.54
-95.7934
-94.926
-26.4837
-10.967
-134.738
314.87
84.2641
-100.83
-155.218
-185.33
-14.2823
-53.979
-56.027
-11.65
61.9155
45.3268
-159
-52.8428
31.3056
-73.5604
-10.3208
68.6338
-24.5575
-93.3144
35.4879
142.149
-55.8544
-14.4523
-60.7297
-49.1901
-78.0971
-58.2122
-151.767
-51.1267
-286.293
-145.215
-30.9986
-69.1798
-25.239
72.7077
-29.0594
-19.2023
-348.899
21.5448
-66.822
-317.96
-79.7296
-33.8585
110.539
-101.848
-51.0334
-37.6223
45.3748
38.5929
-6.60683
-78.5317
-48.8944
8.56733
93.6374
-345.036
-14.0828
-51.5746
30.5148
-65
-52.4686
-78.9277
1.42936
-51.7048
-59.7549
-67.1806
15.58
-110.385
-83.8477
-99.4407
-92.7579
-103.39
-25.5304
106.714
-6.78669
-7.63106
-65.5837
3.35668
71.4744
-159.606
-64.2755
-138.259
-49.5993
90.2948
-41.795
-93.1523
-28.4255
-65.5861
-20.202
-158.539
-110.267
-45.1249
-329.785
-36.2003
69.6475
-16.1714
-29.4278
-138.521
-104.145
-85.6339
46.1752
174.883
-48.4326
-32.6758
-37.1403
-58.8721
94.5788
-15.6106
-27.4229
-75.985
-22.589
73.5094
-73.3771
-61.2703
205.184
-82.3459
-16.3828
-46.7737
-47.752
-121.862
71.8721
88.5658
-18.7761
-40.8151
11.6495
-72.3489
130.874
141.41
13.4053
-12.7949
-51.5167
-89.9497
-20.6642
-15.4537
-36.4228
-96.6513
-77.2712
27.3594
-24.564
-41.3256
78.7749
-345.032
25.5133
-74.0259
-247.766
-20.4752
72.4715
36.909
-17.7668
-35.9134
63.1332
54.8167
19.6781
-188.863
87.5138
-27.7612
-39.6577
-131.76
-158.738
-110.892
61.8355
-18.2837
23.3578
-61.1696
72.0803
-47.6419
100.799
-288.792
-21.4813
-29.4975
-245.477
-30.8339
-211.237
16.1753
-69.9604
-170.774
-35.59
-94.2733
0.788294
-155.495
55.6058
-15.9405
-53.9427
78.3039
73.4037
-117.234
69.1415
120.072
8.08437
60.539
137.545
11.7594
65.4468
-151.439
-278.726
-10.228
-176.593
38.6637
241.648
194.918
83.8566
-13.2502
-68.4086
-158.538
-32.2113
-15.343
-133.822
105.238
100.899
-44.4144
145.702
-15.4082
-59.2634
19.1405
263.247
-116.716
93.2857
-29.7367
12.8588
-10.586
-171.911
-68.4164
33.7082
-99.4128
50.0891
46.932
-52.9506
-65.3303
-236.441
-31.1145
-12.8609
-42.237
-24.7711
-37.8299
-148.001
-100.783
18.2157
5.79
-114.08
32.3155
2.61282
-251.061
-104.429
113.642
-43.4333
-256.137
62.9027
-20.4128
-130.799
49.555
-10.6585
6.64197
-278.286
-12.9138
-32.8709
-104.202
-36.1208
76.5164
180.691
-13.4448
-30.7144
-139.992
-39.6965
-36.6998
7.43685
-25.8991
7.75225
-59.5927
39.9805
-275.808
-162.185
150.281
16.218
-28.3233
-16.397
9.22527
-57.7654
-60.8133
-45.726
10.1036
-238.137
-48.9093
-330.379
49.4286
-33.1446
171.965
-12.9313
17.8702
-247.372
-11.5394
-17.8422
-83.4833
347.457
-65.6354
8.99115
-240.989
-135.863
-69.6909
-22.5479
-22.166
14.8867
24.3834
-12.9087
-90.3
-20.7496
-14.3971
17.7662
-141.566
22.1054
151.298
-175.534
-20.66
-11.1234
-42.5144
173.002
-14.5894
-29.5224
5.02992
-25.6143
20.4672
63.9272
31.2588
13.7061
127.174
-51.1809
94.2113
-34.7324
-46.5216
-2.07894
-137.183
58.383
13.3223
110.821
27.3674
-39.0151
25.1234
-94.8925
46.2914
-145.413
-66.8624
15.9375
-55.8867
-21.325
122.236
-299.697
-96.5129
-42.3353
-33.1548
31.1118
-88.0061
45.9541
-108.721
-240.103
-10.0829
-19.3894
-84.5692
-60.4564
-103.329
-71.5187
-120.157
-66.7968
291.311
-277.508
-19.6793
51.5748
54.1166
-26.3784
-4.58507
-81.2548
-22.3308
23.3689
-343.45
33.636
-92.7747
-22.649
104.399
-35.3362
-39.318
-52.0777
22.9215
-217.556
-34.6536
87.5151
-147.687
-15.1291
-90.7133
-345.283
-123.664
-108.46
-103.614
25.2311
-42.7938
-58.9555
-75.592
10.9667
-160.927
