501.251
329.654
288.298
114.109
292.272
286.364
113.62
284.1
192.354
256.221
421.533
436.309
373.342
338.217
150.949
272.938
302.212
478.416
338.348
446.17
95.787
484.437
213.84
465.994
418.504
168.016
369.584
163.501
303.917
450.156
130.072
293.319
290.602
96.3035
154.212
268.06
361.532
252.588
278.692
416.907
230.718
225.826
490.075
70.0827
304.335
112.146
342.951
238.547
432.76
250.407
101.894
44.2753
168.807
291.528
460.246
189.143
168.896
353.594
387.908
363.012
441.584
328.321
214.499
262.009
291.735
57.6029
288.636
254.191
351.563
241.526
530.534
243.121
150.765
186.024
300.949
330.411
323.323
277.013
246.019
90.4349
390.172
497.372
66.4876
190.239
225.15
192.376
308.219
150.157
214.968
223.058
290.616
369.62
128.747
410.987
349.934
111.367
486.751
88.5269
151.619
254.773
91.6113
532.906
230.983
139.025
103.309
251.906
150.973
329.784
375.606
33.3571
250.303
442.239
203.267
130.474
334.351
317.596
404.038
63.3211
286.389
406.784
146.794
468.175
493.63
368.388
46.3548
473.913
447.549
96.4328
441.359
196.481
131.699
133.341
312.071
206.865
362.556
280.519
138.566
437.542
99.4374
183.803
233.477
91.7678
502.641
296.578
297.056
117.618
145.061
46.4473
112.054
118.582
61.7639
112.498
80.1901
76.9588
178.613
57.939
337.92
485.244
451.928
461.34
472.703
298.112
290.054
462.044
286.775
264.3
193.547
401.638
174.829
225.031
257.938
321.019
169.507
454.621
547.461
268.57
310.87
152.316
444.795
191.086
402.735
281.636
30.137
139.335
153.502
447.595
310.058
389.709
78.3196
233.993
389.873
300.229
491.78
481.584
56.1217
300.804
119.882
227.883
499.432
474.837
232.997
338.908
312.079
186.229
506.21
57.3659
330.15
442.566
297.606
377.343
132.967
209.36
211.574
297.795
210.014
337.989
251.152
85.139
356.202
317.078
251.327
297.662
185.178
125.388
382.39
114.621
132.69
364.734
186.772
430.626
253.977
339.785
241.056
149.267
252.088
368.542
67.6699
320.904
37.7052
68.4925
383.852
70.0637
280.148
345.753
325.921
555.486
504.974
256.356
359.465
283.439
432.539
166.613
92.8516
85.3525
196.993
51.9204
247.319
97.1713
208.768
385.581
110.258
68.5854
200.867
135.85
195.809
270.987
102.721
236.865
446.703
432.917
323.573
322.497
457.011
303.783
448.924
407.887
426.034
47.5203
313.648
66.6382
85.0308
230.154
429.674
260.125
202.073
353.144
336.969
89.3472
384.239
179.717
321.235
335.416
317.145
254.923
518.735
291.278
175.956
376.468
129.056
174.684
244.132
139.209
476.814
261.728
234.451
494.312
47.085
265.53
385.964
228.713
223.53
69.9691
319.999
127.037
230.767
135.929
333.571
47.0601
339.666
312.848
411.214
174.417
524.644
113.349
252.974
412.308
242.195
87.6955
261.011
240.745
332.189
88.1249
212.647
391.453
384.35
227.955
98.674
317.302
155.273
162.073
322.748
399.388
271.938
251.549
485.117
251.128
280.084
140.658
130.512
286.447
177.359
138.98
335.87
47.2357
406.504
264.799
459.168
168.9
300.111
283.467
398.985
249.609
87.0249
269.159
170.987
328.943
39.0036
421.996
273.773
334.713
109.574
232.828
130.657
303.923
154.043
433.776
327.346
317.085
261.137
315.728
464.245
227.644
255.274
30.5172
36.7865
225.19
217.703
485.331
357.013
34.0758
346.296
37.573
352.668
173.638
64.487
117.694
150.462
181.076
67.7533
157.574
89.362
532.63
280.478
283.485
269.383
120.034
147.911
31.1219
92.3065
300.944
167.227
146.48
498.766
111.442
173.379
139.155
294.532
359.616
237.71
143.007
38.2703
138.971
33.9085
65.6998
384.894
256.952
515.923
416.147
523.031
235.227
58.915
96.762
263.12
142.17
82.5814
523.065
82.8096
325.022
535.502
348.297
319.167
323.589
305.169
114.614
78.8534
215.451
370.777
65.7496
343.267
78.1668
144.05
285.176
273.354
79.0473
281.57
412.423
51.3705
106.144
327.363
228.598
450.607
120.616
170.313
67.1436
226.177
464.381
174.162
489.099
221.848
399.041
108.237
323.621
208.371
144.829
367.821
237.517
269.873
282.454
347.183
229.214
466.36
193.522
229.28
129.682
133.166
84.2198
104.343
110.139
168.349
372.851
46.0897
173.329
285.419
36.6711
178.418
90.1581
100.978
99.3389
294.837
137.013
185.355
230.02
32.1631
414.223
362.978
369.328
405.69
171.397
117.917
204.02
50.3433
451.419
510.25
423.331
161.856
229.462
175.281
288.551
332.757
357.404
145.195
305.961
407.091
255.05
59.96
185.469
275.492
205.017
267.798
200.863
356.794
255.42
211.078
207.239
490.815
281.989
321.658
397.426
256.646
176.507
95.5153
197.252
330.713
315.543
100.058
212.197
266.791
340.736
51.4279
248.983
367.763
213.801
46.3921
424.217
492.565
234.826
45.5941
381.391
505.901
41.8997
392.372
173.304
78.1597
234.858
234.425
130.18
441.428
309.022
320.413
38.4678
201.214
232.835
442.3
96.434
368.829
46.0258
213.893
248.843
501.755
261.99
158.731
49.2047
164.549
61.9808
515.68
240.013
142.606
71.2682
34.9133
168.2
106.45
36.8584
343.382
67.4409
235.068
306.74
175.717
325.638
186.61
95.4287
261.635
429.961
328.117
161.618
274.362
365.652
239.156
432.087
402.005
323.175
176.683
152.198
225.291
276.992
287.692
552.481
62.9282
193.73
114.434
335.738
243.483
90.7264
117.722
283.521
107.233
57.7893
194.963
260.952
448.066
542.364
293.409
331.245
125.521
432.343
128.414
261.594
552.922
135.721
179.266
228.324
329.376
269.243
283.296
223.649
273.817
357.163
239.474
394.53
159.151
70.8951
34.4589
183.209
470.006
233.52
74.2765
84.8694
131.996
430.313
260.378
349.496
163.537
173.723
49.9816
155.246
406.668
423.417
123.347
442.272
47.1519
247.851
224.489
258.207
296.764
35.5626
294.13
183.234
191.791
107.812
331.095
409.678
498.206
135.972
259.149
248.303
238.528
119.473
39.5213
466.91
327.899
278.34
386.267
244.54
247.845
101.489
283.47
57.2162
131.49
330.193
56.9977
242.351
312.813
425.385
122.125
206.598
367.079
191.639
491.219
291.988
62.142
373
184.525
133.618
423.201
248.756
301.168
233.371
234.285
253.809
197.999
261.953
516.059
87.1847
305.598
221.222
86.9835
480.652
298.293
213.776
279.439
308.055
159.272
275.12
203.776
315.37
405.05
151.234
410.53
136.332
435.07
276.342
304.08
176.406
299.642
143.995
282.411
396.641
113.786
292.054
293.251
215.486
83.2995
174.33
217.642
72.7616
359.088
140.757
50.2169
341.354
315.1
64.6555
301.629
327.14
325.015
374.382
370.771
93.5156
395.279
79.9017
453.408
451.953
115.317
148.163
235.806
278.989
83.1081
249.892
83.6301
230.539
221.83
269.91
268.007
35.6751
348.323
344.18
249.796
281.568
208.416
81.7015
133.528
268.66
159.244
187.081
248.88
520.801
479.311
404.414
165.438
30.7412
146.105
170.9
371.205
235.741
92.9102
31.8074
247.176
129.947
307.511
227.219
288.61
152.624
41.9563
175.723
61.8213
354.107
252.451
426.23
157.663
277.727
257.074
107.888
185.177
287.656
184.828
148.709
90.2592
177.908
284.567
213.968
500.01
487.337
478.012
47.0799
315.746
146.635
292.703
172.51
58.0288
279.381
305.371
41.9718
173.463
105.713
345.332
59.8838
165.351
138.984
131.84
444.991
318.729
90.9855
252.933
273.973
140.694
222.103
137.033
198.814
310.697
176.941
87.4119
199.946
56.2714
217.665
195.828
288.273
467.883
277.142
247.384
413.21
333.931
153.83
271.021
254.005
295.133
304.606
123.745
459.706
414.627
286.774
215.117
305.931
386.22
372.342
33.2778
211.701
451.44
217.358
43.231
266.497
100.961
237.837
255.289
41.5711
180.071
429.915
337.349
148.641
368.138
265.683
64.6581
168.693
418.668
299.769
98.9763
153.215
40.2844
176.272
42.5709
130.955
285.279
56.0475
233.506
451.123
102.794
358.92
38.7983
391.159
241.227
363.839
211.082
208.728
49.4291
154.156
38.8465
536.73
273.955
457.209
531.042
219.283
165.458
268.655
269.805
283.986
514.976
169.26
359.508
208.229
101.326
63.5263
298.458
400.955
455.888
119.864
250.543
71.0213
465.206
111.439
275.402
231.945
517.66
264.274
98.8284
179.943
129.236
279.067
347.735
226.104
299.272
214.348
54.7748
489.658
531.637
314.029
258.648
164.192
236.46
238.719
169.603
371.702
253.676
190.712
408.623
173.779
237.535
166.66
75.8424
199.847
372.398
261.203
113.713
194.193
265.514
174.513
110.337
237.02
547.405
518.332
368.683
135.245
169.769
180.388
362.107
354.038
375.767
377.586
117.237
372.229
257.254
103.069
35.2656
515.722
43.717
188.57
35.6203
108.186
191.386
274.39
51.5724
232.705
410.996
249.72
53.2551
317.683
143.514
62.7965
316.567
238.556
249.28
221.444
163.727
102.216
312.47
43.6069
114.401
223.327
274.151
166.307
148.283
327.971
325.277
352.679
41.1915
272.916
335.035
41.2992
237.973
474.709
312.294
423.484
403.152
119.77
375.173
154.092
298.409
204.05
99.1038
387.303
348.429
406.928
109.899
161.706
207.887
111.44
541.159
193.365
279.945
374.317
266.87
316.007
63.2372
167.029
381.347
388.074
220.714
344.549
305.267
263.251
157.43
32.8068
186.927
287.092
133.275
132.449
212.566
141.35
33.0534
301.735
355.122
224.404
61.8431
56.899
47.6025
230.822
371.716
200.467
419.462
294.904
349.114
60.9785
196.04
69.3903
235.441
362.784
317.276
284.793
141.544
102.156
201.889
113.91
306.334
439.735
71.6736
77.3038
166.213
277.068
428.253
275.968
228.611
213.207
48.5838
435.178
65.2146
33.874
51.8959
231.25
143.774
338.081
411.389
325.523
127.022
364.707
197.564
344.65
532.855
272.593
226.93
492.845
85.9702
237.939
186.168
163.459
121.533
285.734
257.877
484.249
358.15
422.356
359.47
381.451
74.5067
169.4
474.055
196.732
30.9091
183.537
371.893
484.753
126.292
129.623
42.4023
207.528
512.223
107.677
336.702
526.749
356.553
170.975
296.572
114.646
49.4627
116.975
161.312
442.752
498.278
183.072
300.068
169.166
354.629
471.412
526.135
203.369
251.535
521.794
136.609
259.218
411.228
129.381
35.7049
303.739
56.8753
243.492
183.85
291.731
349.11
494.077
347.335
97.9711
88.0767
432.098
135.906
110.408
32.8991
165.483
161.79
330.195
525.681
404.986
213.271
335.006
54.0416
231.944
428.5
306.808
167.918
237.491
77.5593
297.595
387.175
77.8167
215.153
302.563
43.8258
215.401
320.046
38.1562
257.17
435.672
155.047
537.542
327.939
418.193
503.37
303.364
117.175
190.41
414.17
434.175
275.293
45.0708
69.7485
168.701
213.595
217.533
48.5612
102.586
298.94
279.219
265.033
148.843
231.095
509.328
569.206
117.098
376.498
64.871
435.226
203.176
71.9836
203.191
226.314
136.581
478.552
207.543
222.775
128.237
61.9616
364.538
522.993
504.017
57.4256
326.663
480.658
80.3661
36.5954
402.883
157.874
312.528
86.2715
481.517
296.402
299.003
245.687
435.57
490.301
330.965
189.095
217.502
352.804
349.791
33.7593
252.08
132.111
274.455
165.834
305.211
56.1246
72.8064
55.3061
294.829
86.4733
305.557
358.173
128.444
65.5787
315.788
369.944
275.551
356.482
122.085
142.701
125.897
459.384
395.952
208.265
163.92
308.941
73.9669
97.7003
344.678
94.6868
106.694
136.882
404.993
172.003
381.27
367.723
221.392
57.8129
347.379
123.712
349.595
259.302
48.3262
194.113
35.002
402.875
73.0792
276.718
255.844
136.084
133.222
35.7147
335.815
32.6624
553.752
181.516
45.2992
30.5751
395.376
194.183
356.801
67.703
147.873
274.067
146.045
350.947
470.778
36.174
546.241
229.146
402.142
230.343
194.472
475.109
73.4704
443.602
222.507
268.053
285.597
491.783
179.798
360.36
217.087
336.638
120.81
218.864
55.0146
382.11
163.411
166.333
442.581
294.806
218.588
446.391
374.866
392.833
173.717
400.196
82.3253
283.021
294.756
61.3706
252.396
265.544
392.312
260.092
126.698
256.169
467.867
114.495
200.597
200.285
345.405
398.44
233.092
98.7247
143.537
412.683
196.021
113.888
195.678
198.062
231.317
331.533
559.579
393.337
275.131
474.184
280.878
173.928
154.9
260.151
409.13
242.848
207.574
285.375
65.3702
162.155
334.363
65.6304
256.523
55.5103
65.0464
444.595
272.456
72.7536
122.66
360.481
427.531
242.769
177.722
194.178
136.57
336.345
315.999
130.479
332.128
370.648
497.524
154.273
324.117
274.488
94.2084
159.713
413.489
171.308
59.7743
340.93
314.08
95.9528
284.058
439.053
161.379
153.713
443.246
240.964
33.4182
227.336
243.553
118.366
96.9725
328.566
155.511
355.731
246.833
290.564
92.4309
189.549
249.079
191.682
282.627
178.413
350.442
190.603
180.902
135.811
308.463
359.403
75.9386
203.191
408.463
40.2955
290.026
159.757
544.273
214.359
155.36
425.983
246.316
56.7089
278.096
220.908
396.296
549.423
84.3049
358.347
145.193
258.726
67.7816
94.8681
388.241
484.985
239.154
140.011
244.217
230.63
351.358
44.3557
261.437
98.2901
193.828
370.014
193.811
283.062
519.68
333.019
284.938
174.318
138.216
227.823
108.845
60.7621
405.761
152.2
221.867
291.695
309.222
295.997
140.586
508.836
203.602
174.72
252.639
129.612
403.867
279.034
86.7947
134.441
523.857
149.345
486.074
32.0858
246.773
374.727
179.519
154.122
356.794
225.345
232.836
349.88
155.248
261.991
327.651
39.5732
250.877
127.854
51.4545
229.394
148.555
59.3905
519.674
446.863
38.6746
69.9207
309.449
120.429
251.703
470.848
364.333
85.836
130.778
40.294
46.6561
191.869
322.238
383.62
93.3448
286.855
243.031
85.1621
309.57
433.759
38.4234
140.134
108.71
155.023
358.115
226.333
89.0592
105.577
43.6393
322.468
350.932
342.292
249.162
329.104
298.355
171.906
502.789
462.101
262.395
485.777
267.534
326.653
405.507
228.43
220.807
490.964
173.017
256.392
564.157
211.817
87.5395
49.1673
500.4
43.543
494.592
327.314
40.8742
140.555
340.475
165.974
83.1725
175.687
472.14
175.461
411.217
349.402
77.7787
434.487
48.4083
229.722
416.742
522.98
146.964
179.47
162.903
227.524
191.427
84.0134
211.81
215.176
440.558
178.366
31.3927
356.259
365.569
298.151
279.06
497.371
198.997
104.705
515.348
164.199
42.1914
79.8816
223.275
127.74
294.036
30.8593
408.527
61.3728
150.437
319.982
90.7947
303.453
446.206
360.005
501.517
268.687
208.471
