0.666726
0.980682
0.856124
0.810284
0.849509
0.868654
0.819252
0.772994
0.475356
0.996602
0.433854
0.685427
0.795821
0.69389
0.449147
0.823986
0.600341
0.752695
0.929123
0.811681
0.869799
0.556806
0.564525
0.83935
0.526377
0.886892
0.756797
0.813119
0.992637
0.434868
0.540702
0.775344
0.820415
0.555987
0.998462
0.531028
0.825134
0.674308
0.590905
0.502845
0.896347
0.557806
0.81863
0.835304
0.691031
0.745432
0.594263
0.820334
0.985591
0.757243
0.445141
0.746554
0.634886
0.781664
0.666721
0.693458
0.823112
0.434227
0.99619
0.429839
0.419652
0.655134
0.701457
0.464861
0.535129
0.565379
0.856679
0.627251
0.832726
0.821463
0.687179
0.49544
0.731086
0.814344
0.816307
0.643725
0.490248
0.874698
0.625125
0.554684
0.73676
0.907334
0.469485
0.500895
0.615795
0.612793
0.771799
0.728353
0.788677
0.727464
0.790471
0.822883
0.779426
0.405849
0.909349
0.514325
0.642278
0.949979
0.759902
0.523197
0.525378
0.939184
0.523344
0.768491
0.902255
0.661839
0.842568
0.665991
0.499788
0.834943
0.992261
0.751683
0.408583
0.723401
0.899526
0.807405
0.677737
0.85849
0.840614
0.499603
0.576126
0.683102
0.476443
0.897226
0.92909
0.59488
0.739245
0.89199
0.761651
0.63037
0.852693
0.536861
0.638157
0.461094
0.727113
0.693161
0.444115
0.817874
0.438396
0.807469
0.419521
0.61434
0.745556
0.585514
0.590111
0.838243
0.72717
0.856446
0.760845
0.637123
0.417998
0.64279
0.427555
0.723614
0.596448
0.814814
0.995817
0.465332
0.60785
0.819169
0.592701
0.911654
0.832361
0.401533
0.558932
0.877667
0.874117
0.528775
0.666307
0.936718
0.472032
0.780839
0.713883
0.909249
0.998256
0.917348
0.64845
0.515848
0.421562
0.860876
0.88789
0.618405
0.53037
0.809948
0.870794
0.752797
0.799251
0.673696
0.441536
0.993096
0.764366
0.547385
0.811989
0.630989
0.910773
0.468806
0.708785
0.41818
0.53655
0.4997
0.756691
0.663895
0.707869
0.455459
0.559472
0.854253
0.74196
0.855361
0.611345
0.826237
0.992419
0.598357
0.626161
0.583637
0.820771
0.961951
0.843332
0.468893
0.600161
0.856689
0.623504
0.441109
0.718607
0.76835
0.887209
0.442756
0.854592
0.593373
0.808336
0.678847
0.428795
0.748845
0.863193
0.689942
0.865354
0.669118
0.762563
0.806344
0.70766
0.769746
0.413473
0.577868
0.60037
0.716171
0.535686
0.603709
0.999196
0.854776
0.631621
0.569179
0.999531
0.727641
0.870468
0.437467
0.823117
0.687234
0.811965
0.415285
0.433209
0.578457
0.80522
0.60237
0.966948
0.845971
0.403967
0.60782
0.536357
0.894631
0.742759
0.516152
0.999858
0.619483
0.466451
0.76934
0.888954
0.919711
0.758406
0.726379
0.522679
0.999992
0.564481
0.824807
0.746957
0.714637
0.975161
0.570804
0.995554
0.594838
0.916762
0.772055
0.677924
0.843834
0.701956
0.551556
0.5462
0.785836
0.907412
0.611425
0.826477
0.812828
0.614357
0.701902
0.626982
0.647116
0.935277
0.661855
0.56683
0.754417
0.982255
0.996919
0.855805
0.907529
0.662494
0.567745
0.672244
0.453335
0.63349
0.636739
0.704365
0.881392
0.792009
0.661314
0.887459
0.557686
0.713105
0.850539
0.622375
0.92177
0.63354
0.43801
0.582988
0.462369
0.493742
0.838529
0.759133
0.846178
0.953467
0.530161
0.643044
0.998665
0.893421
0.467571
0.573632
0.800457
0.875059
0.482362
0.791427
0.442091
0.655248
0.675162
0.548181
0.532476
0.416019
0.809635
0.520694
0.99743
0.939794
0.981784
0.694322
0.829677
0.724612
0.435309
0.80512
0.409291
0.541763
0.966969
0.828024
0.783775
0.832668
0.570396
0.999916
0.716897
0.909777
0.485192
0.444594
0.990005
0.868447
0.631677
0.858721
0.489016
0.571424
0.876672
0.403497
0.434528
0.682154
0.876193
0.769002
0.821476
0.861344
0.642061
0.999649
0.597564
0.847551
0.676776
0.925914
0.815623
0.442269
0.493758
0.990413
0.407619
0.592688
0.705864
0.775158
0.582785
0.548855
0.445141
0.687133
0.910922
0.860793
0.502465
0.469222
0.837997
0.804372
0.865867
0.621466
0.999155
0.864473
0.733379
0.879273
0.987403
0.856942
0.749789
0.500848
0.64161
0.440924
0.83183
0.733763
0.462128
0.49861
0.59028
0.930037
0.418744
0.583941
0.620236
0.949109
0.868437
0.509402
0.820177
0.68992
0.959175
0.437869
0.715166
0.820862
0.639985
0.450617
0.902939
0.735254
0.772637
0.500334
0.543254
0.624707
0.960041
0.509155
0.867892
0.807795
0.818698
0.898297
0.676855
0.482609
0.640191
0.818092
0.888131
0.85968
0.625411
0.542935
0.902657
0.42318
0.627807
0.886512
0.442109
0.666739
0.713054
0.555318
0.775585
0.636433
0.706391
0.732402
0.784094
0.816123
0.86768
0.701593
0.825066
0.62965
0.61851
0.800653
0.481477
0.699404
0.66712
0.684121
0.736063
0.52535
0.420342
0.697934
0.672193
0.996997
0.659854
0.551776
0.747828
0.624246
0.481362
0.889399
0.637974
0.572118
0.471615
0.749185
0.683687
0.727866
0.996145
0.893626
0.673302
0.814618
0.999686
0.788383
0.648025
0.770214
0.997413
0.890701
0.862102
0.860547
0.548335
0.623136
0.908796
0.550052
0.648018
0.693528
0.904642
0.899918
0.64281
0.908013
0.973255
0.776915
0.894661
0.62372
0.689731
0.867833
0.83287
0.405351
0.971223
0.408347
0.62579
0.531351
0.592682
0.937281
0.938737
0.99957
0.825775
0.883055
0.598967
0.404794
0.736982
0.529358
0.603695
0.426559
0.611871
0.652127
0.524848
0.803126
0.43548
0.579664
0.597402
0.619382
0.511175
0.916708
0.731379
0.50396
0.86006
0.655049
0.653914
0.755636
0.646054
0.838639
0.687757
0.582774
0.675494
0.966895
0.546875
0.746472
0.450956
0.536444
0.887081
0.85299
0.879057
0.655642
0.68068
0.421866
0.476079
0.70768
0.937817
0.521299
0.928083
0.667083
0.456599
0.983296
0.827977
0.675289
0.935128
0.873864
0.719266
0.900047
0.708734
0.44291
0.440892
0.99697
0.600056
0.745476
0.854492
0.998829
0.675635
0.860768
0.973609
0.977308
0.627899
0.834076
0.862792
0.770116
0.77103
0.700769
0.633691
0.46797
0.456985
0.908891
0.713149
0.984706
0.976768
0.884299
0.406484
0.646599
0.555007
0.955979
0.99278
0.891146
0.728505
0.789654
0.504683
0.99006
0.608983
0.752317
0.849191
0.788286
0.407053
0.853951
0.893631
0.87081
0.745568
0.77136
0.813576
0.696047
0.463895
0.821453
0.710445
0.697383
0.91123
0.864459
0.641472
0.554642
0.784704
0.674678
0.865268
0.858735
0.575946
0.647953
0.583098
0.419625
0.598143
0.805933
0.874941
0.632468
0.75014
0.835774
0.701043
0.740808
0.532291
0.999561
0.682815
0.680856
0.600926
0.70334
0.578733
0.927761
0.849933
0.652404
0.661447
0.55125
0.500055
0.845959
0.736499
0.493587
0.73265
0.401081
0.865092
0.512388
0.672383
0.673316
0.756998
0.985257
0.782668
0.412604
0.846399
0.508289
0.862998
0.717764
0.77766
0.582091
0.624997
0.663634
0.429068
0.695579
0.404074
0.420257
0.471763
0.695387
0.826889
0.764075
0.666534
0.642587
0.638214
0.75168
0.763318
0.821377
0.422055
0.996195
0.45727
0.625769
0.872785
0.788012
0.475323
0.512511
0.85244
0.474535
0.779569
0.602285
0.925775
0.415005
0.753563
0.41638
0.989897
0.533867
0.999911
0.741489
0.573789
0.784694
0.869316
0.416781
0.867895
0.447296
0.937068
0.530905
0.61279
0.815396
0.693554
0.743366
0.457149
0.998762
0.41536
0.549172
0.701054
0.895414
0.836306
0.639021
0.873652
0.794111
0.794272
0.904303
0.530858
0.403134
0.762071
0.564259
0.710148
0.59891
0.819941
0.647291
0.780469
0.78563
0.876828
0.873463
0.77985
0.695973
0.673256
0.812476
0.567977
0.750329
0.465071
0.526471
0.534137
0.509476
0.717403
0.81858
0.832192
0.627452
0.556339
0.935168
0.60649
0.474337
0.667209
0.867179
0.404288
0.707372
0.476761
0.735481
0.737735
0.802012
0.564333
0.800116
0.421635
0.438099
0.933307
0.435565
0.412526
0.665673
0.767603
0.752677
0.525482
0.829642
0.730237
0.486189
0.427588
0.605749
0.664558
0.748441
0.934307
0.543738
0.703734
0.829192
0.89264
0.623627
0.518084
0.726474
0.425844
0.99603
0.830096
0.831105
0.528533
0.738545
0.54098
0.997965
0.627015
0.469051
0.833002
0.842049
0.768332
0.807909
0.477636
0.993361
0.96319
0.700406
0.448905
0.704473
0.748545
0.774617
0.528553
0.445977
0.621318
0.680503
0.709282
0.472071
0.87608
0.651853
0.911143
0.87809
0.666453
0.832201
0.632944
0.587627
0.802912
0.63075
0.853796
0.558548
0.430692
0.825711
0.496861
0.83111
0.50516
0.47573
0.701854
0.829957
0.599799
0.780829
0.994958
0.725215
0.593633
0.44511
0.901732
0.742811
0.556751
0.473804
0.695853
0.415382
0.663632
0.89475
0.656205
0.512473
0.611077
0.811966
0.618738
0.619307
0.639437
0.999946
0.654955
0.870459
0.421806
0.893241
0.752999
0.49484
0.820057
0.994308
0.751149
0.619044
0.583627
0.688101
0.558685
0.59409
0.456817
0.979908
0.488454
0.994144
0.815158
0.544992
0.436697
0.868654
0.691172
0.95399
0.644358
0.719103
0.641853
0.686269
0.761274
0.730892
0.729987
0.921994
0.785635
0.82431
0.543657
0.804318
0.741519
0.523553
0.656835
0.97542
0.557242
0.794365
0.559788
0.500892
0.479602
0.936349
0.928267
0.802263
0.411332
0.516535
0.865703
0.582731
0.844412
0.535462
0.879509
0.761692
0.598769
0.747057
0.489804
0.580896
0.706253
0.928249
0.919134
0.956541
0.846449
0.421997
0.818436
0.874314
0.740024
0.920137
0.84787
0.59019
0.822523
0.762697
0.61811
0.445737
0.424967
0.73786
0.797089
0.859215
0.928389
0.727709
0.603442
0.578742
0.60188
0.687851
0.432925
0.953283
0.997869
0.501421
0.860888
0.408808
0.407469
0.57394
0.424498
0.912327
0.51899
0.692755
0.709775
0.625045
0.579178
0.506163
0.780543
0.586539
0.706818
0.642836
0.725515
0.851262
0.493216
0.563085
0.766022
0.620619
0.541097
0.994894
0.725963
0.894249
0.80618
0.739063
0.592612
0.999566
0.673927
0.424075
0.662035
0.705746
0.400647
0.87661
0.860711
0.64237
0.687159
0.450165
0.856812
0.773736
0.905822
0.577209
0.834591
0.8808
0.683305
0.96069
0.893063
0.440415
0.923577
0.867945
0.930022
0.757227
0.852604
0.643756
0.727798
0.470465
0.880812
0.765934
0.649826
0.654387
0.408674
0.514202
0.855532
0.693896
0.421039
0.928548
0.957892
0.709792
0.407165
0.589843
0.87205
0.768199
0.956866
0.899661
0.625358
0.74443
0.728089
0.637281
0.53827
0.595695
0.425214
0.563409
0.447811
0.42137
0.616611
0.470658
0.892061
0.68442
0.549022
0.49121
0.451405
0.90759
0.572082
0.766761
0.775233
0.873446
0.422987
0.734104
0.823255
0.789184
0.872654
0.596986
0.545816
0.448763
0.744423
0.798373
0.617294
0.621935
0.836823
0.635113
0.806125
0.610481
0.795429
0.781934
0.918642
0.511967
0.858237
0.525721
0.504226
0.998081
0.599603
0.801606
0.554674
0.52878
0.764338
0.436939
0.434727
0.999384
0.999711
0.758349
0.999535
0.44956
0.477012
0.858325
0.661512
0.628056
0.593058
0.789228
0.524607
0.681405
0.809205
0.523559
0.932561
0.8598
0.691821
0.407638
0.840921
0.886705
0.67303
0.651471
0.886969
0.637179
0.430701
0.628573
0.812011
0.511114
0.80052
0.545066
0.619351
0.714257
0.616853
0.692644
0.428624
0.415051
0.744864
0.677266
0.777358
0.915358
0.559435
0.57277
0.579488
0.784788
0.880614
0.465121
0.581966
0.666871
0.573821
0.903424
0.462877
0.999143
0.551007
0.785267
0.702276
0.50877
0.683645
0.845634
0.726984
0.712279
0.612249
0.720834
0.855519
0.403067
0.832819
0.835455
0.820826
0.795978
0.490731
0.899569
0.419088
0.60105
0.41406
0.590392
0.932019
0.507776
0.881039
0.929411
0.847649
0.850729
0.499564
0.916173
0.886281
0.655075
0.858418
0.998544
0.581755
0.599346
0.999135
0.538494
0.996907
0.714107
0.602635
0.418994
0.605547
0.797815
0.675403
0.737255
0.870199
0.797013
0.547331
0.860292
0.585832
0.864075
0.507889
0.710854
0.886005
0.694117
0.972421
0.739924
0.747315
0.937343
0.996495
0.822155
0.614205
0.911242
0.517212
0.710317
0.839029
0.492304
0.709477
0.507564
0.670496
0.419465
0.719931
0.955683
0.467796
0.941418
0.993786
0.910022
0.789273
0.530501
0.975853
0.938234
0.499213
0.999615
0.69547
0.985102
0.730641
0.77874
0.866671
0.498917
0.629048
0.884296
0.765593
0.750338
0.530529
0.573115
0.436382
0.410581
0.761318
0.768698
0.557253
0.646123
0.847238
0.854562
0.855622
0.431976
0.797551
0.864516
0.474534
0.501644
0.656949
0.769405
0.535875
0.773404
0.589349
0.642893
0.707479
0.641722
0.643348
0.474144
0.449132
0.806623
0.566061
0.748396
0.411527
0.462947
0.990753
0.790923
0.62974
0.46255
0.541191
0.690228
0.712755
0.962673
0.498595
0.651456
0.835734
0.807992
0.535256
0.670802
0.80175
0.813207
0.873299
0.435518
0.520984
0.908463
0.840724
0.478746
0.924858
0.797211
0.900175
0.487032
0.425451
0.815262
0.720613
0.764386
0.873724
0.780425
0.549011
0.757804
0.568291
0.864608
0.874429
0.519851
0.416642
0.437567
0.742606
0.501427
0.630013
0.499783
0.705619
0.814025
0.578883
0.778119
0.613557
0.997562
0.790365
0.517972
0.534286
0.824267
0.666769
0.477284
0.683247
0.617994
0.457855
0.999168
0.704314
0.872763
0.809288
0.796792
0.928602
0.53194
0.509203
0.997093
0.771179
0.533027
0.48154
0.42084
0.635348
0.808097
0.400841
0.896023
0.597917
0.549713
0.757334
0.443055
0.773187
0.862918
0.814064
0.464639
0.552775
0.619995
0.740661
0.744473
0.443266
0.936855
0.594581
0.814835
0.864838
0.981233
0.859378
0.457745
0.64728
0.437327
0.844444
0.850124
0.819401
0.993807
0.448167
0.795867
0.587038
0.697976
0.649217
0.999814
0.865093
0.461021
0.585362
0.511409
0.412516
0.828351
0.776666
0.694558
0.844874
0.509074
0.823754
0.712192
0.669277
0.711246
0.559928
0.546827
0.88741
0.716654
0.408773
0.479848
0.665882
0.999774
0.827527
0.485559
0.659641
0.714193
0.497625
0.627757
0.705485
0.943889
0.715456
0.970785
0.870989
0.795424
0.789413
0.587478
0.504375
0.872129
0.510659
0.60326
0.847101
0.703867
0.976772
0.729199
0.831982
0.536424
0.516368
0.690269
0.431643
0.711969
0.923977
0.683838
0.412509
0.731937
0.796283
0.943588
0.513143
0.732403
0.817599
0.995806
0.893631
0.850622
0.400928
0.88609
0.78132
0.734674
0.556615
0.800579
0.752639
0.783097
0.496674
0.716722
0.653927
0.522068
0.582578
0.629625
0.651555
0.679947
0.866
0.540367
0.825433
0.462762
0.676744
0.608079
0.990196
0.732108
0.470669
0.890366
0.582023
0.9998
0.852029
0.868159
0.76592
0.997953
0.463804
0.818819
0.924218
0.832886
0.95068
0.892749
0.43649
0.500183
0.459177
0.684186
0.528899
0.496089
0.797149
0.576927
0.657974
0.584749
0.539833
0.622967
0.79836
0.426635
0.741957
0.832227
0.958346
0.861146
0.520304
0.583951
0.858187
0.62845
0.827258
0.952783
0.632948
0.767687
0.792903
0.905834
0.810189
0.771692
0.704152
0.575098
0.610784
0.428527
0.996623
0.837839
0.710822
0.912337
0.824211
0.67791
0.466651
0.827022
0.857377
0.834217
0.965863
0.701244
0.847299
0.816659
0.997346
0.407756
0.415919
0.779344
0.621407
0.733713
0.482797
0.932821
0.876845
0.934702
0.494673
0.554612
0.508575
0.573745
0.998208
0.985239
0.872412
0.854942
0.794115
0.680631
0.676483
0.786688
0.455933
0.69951
0.718525
0.51902
0.477417
0.66613
0.508701
0.651587
0.643085
0.403384
0.814541
0.686284
0.87428
0.854404
0.792271
0.800207
0.651849
0.832904
0.526607
0.927521
0.456269
0.816647
0.700139
0.453759
0.818134
0.441009
0.875224
0.431155
0.497245
0.665102
0.869305
0.533118
0.905532
0.998669
0.725334
0.600528
0.548492
0.724839
0.735956
0.856814
0.60189
0.864644
0.854192
0.822997
0.881772
0.737322
0.960925
0.818467
0.773044
0.994723
0.669561
0.568363
0.953788
0.60133
0.49176
0.47941
0.444689
0.56749
0.759495
0.653733
0.714828
0.451859
0.570999
0.666382
0.76097
0.890851
0.92394
0.767252
0.951043
0.611301
0.633858
0.686464
0.736652
0.623589
0.894861
0.835196
0.8105
0.789486
0.86273
0.761894
0.485262
0.999759
0.96805
0.401558
0.49154
0.408072
0.952265
0.518402
0.968347
0.491863
0.888766
0.549822
0.692568
0.847478
0.847619
0.415537
0.865199
