426.376
377.138
265.953
120.853
150.174
349.315
435.608
114.119
103.519
160.103
448.69
224.88
290.189
8.19192
393.036
399.497
130.819
409.5
283.357
232.75
293.563
232.871
136.846
261.906
286.468
141.454
460.898
246.256
3.62524
453.904
318.244
262.983
402.687
449.25
445.364
264.974
362.128
371.798
448.853
219.347
376.592
198.759
189.215
79.4272
93.1953
322.038
325.04
413.73
316.522
327.66
1.35847
11.4221
151.819
418.008
264.978
422.777
335.731
277.921
452.583
74.9917
457.232
89.5199
163.199
400.119
15.48
73.1961
269.732
8.98769
175.002
356.193
337.265
431.398
121.838
103.859
460.458
362.131
338.701
257.671
391.237
141.03
246.296
300.671
441.929
456.174
0.355514
272.175
298.313
140.784
163.88
196.717
392.366
360.097
258.829
181.22
251.089
367.971
338.634
232.026
244.565
1.03906
219.681
297.341
181.695
338.344
450.858
445.879
236.989
429.487
448.868
309.817
307.253
281.718
288.924
184.338
456.312
187.973
348.149
407.5
340.312
282.725
26.9084
302.172
322.931
460.652
0.438516
417.209
455.895
150.407
367.38
454.356
453.833
454.364
5.33331
449.967
350.041
233.09
282.309
312.895
398.136
455.426
447.839
211.985
391.506
293.164
127.136
309.719
245.047
360.67
5.55821
276.067
23.318
422.73
280.366
422.469
436.441
442.933
28.0068
283.034
163.16
318.305
220.765
460.607
284.866
422.897
282.351
133.959
298.008
450.501
261.196
231.979
270.531
392.741
232.359
414.073
96.9748
372.537
277.08
16.6709
253.794
444.624
355.183
278.769
25.9168
427.881
203.126
461.338
88.3369
458
448.032
121.656
227.216
364.34
214.779
374.461
337.991
8.06556
437.102
56.1585
375.365
260.069
379.834
200.675
84.7356
4.62312
315.676
218.236
289.237
406.034
337.919
54.9585
445.194
121.896
309.022
356.129
322.755
409.897
329.188
252.001
385.803
57.2118
192.446
143.579
382.104
461.203
319.859
-6.313
147.354
306.092
373.193
265.293
420.839
437.181
453.213
180.923
275.09
176.827
441.608
107.496
461.577
354.674
216.885
232.601
211.558
244.195
165.773
396.062
382.55
402.564
374.861
245.308
218.067
67.6301
457.084
453.318
417.297
461.052
360.311
459.641
461.342
314.162
122.577
448.235
383.918
154.253
237.328
190.749
8.25944
435.89
398.645
152.335
183.463
303.94
404.638
227.452
216.453
397.387
453.846
296.906
457.325
14.0735
450.445
63.2221
311.277
262.368
402.089
91.9812
122.244
461.963
329.288
411.638
404.605
380.031
243.576
430.508
397.323
283.294
192.368
78.5816
422.932
417.423
311.624
260.393
353.324
288.259
460.137
287.019
349.09
452.83
369.976
62.261
144.93
447.525
445.633
409.125
210.932
454.5
457.698
50.1399
314.468
414.893
47.72
402.849
90.1762
396.424
451.654
60.241
42.2617
39.8266
309.459
418.076
249.42
339.607
361.342
274.618
405.795
185.585
454.59
380.747
182.369
133.611
332.307
310.081
32.5011
458.604
338.617
322.22
348.674
0.719017
245.884
428.583
159.441
450.342
283.256
453.685
293.224
154.622
241.435
169.384
284.471
281.566
218.15
290.601
164.93
4.55429
199.785
14.9392
314.418
386.94
197.532
41.8307
350.779
450.777
93.0355
192.158
449.677
286.947
280.954
196.94
335.044
239.976
309.624
278.519
296.026
261.038
194.282
367.026
454.137
90.3743
402.861
449.84
129.021
404.651
458.363
442.818
0.985146
389.456
379.688
438.727
385.732
162.015
449.684
297.025
276.46
253.429
14.9192
330.286
459.415
455.973
458.014
362.775
371.314
357.427
342.922
15.0215
325.507
402.779
236.01
403.421
289.932
313.407
416.623
368.655
373.713
453.829
341.353
227.851
353.574
324.895
411.341
448.155
58.2075
455.475
394.005
212.68
452.036
404.576
268.145
222.872
438.941
191.656
398.472
454.959
457.92
24.4086
247.759
289.988
206.977
333.119
439.19
225.078
1.09575
452.217
382.585
461.113
311.836
452.931
456.572
414.182
208.451
192.712
426.27
414.466
448.753
334.087
17.6618
358.705
228.607
245.74
48.1327
265.148
339.606
158.098
194.217
266.603
49.5314
402.175
455.383
444.84
253.993
332.36
231.977
266.017
142.228
190.93
444.058
460.179
286.29
15.5677
446.276
331.352
325.97
450.282
148.431
112.509
200.265
148.178
15.402
152.522
12.6664
455.915
457.079
15.5414
459.944
62.783
362.877
450.195
459.053
232.871
35.5011
233.223
457.752
322.667
450.611
321.009
214.19
270.325
392.767
207.254
14.4665
8.54066
96.8779
353.18
388.001
36.3773
308.46
193.371
12.7729
251.469
241.887
449.357
259.825
313.159
454.452
14.6879
376.314
23.5608
141.22
381.628
302.374
344.198
453.437
239.37
214.99
411.57
15.691
383.516
460.037
187.356
425.823
385.348
301.258
447.483
93.3617
321.55
370.748
408.432
160.31
456.64
371.387
108.387
285.438
314.471
229.775
-0.0892544
248.093
1.28622
25.7046
452.971
457.588
6.88875
221.735
132.049
368.376
369.873
166.526
457.189
368.346
383.678
304.954
307.401
449.306
444.057
328.591
347.139
457.22
23.4147
376.255
447.019
63.5703
379.986
216.271
304.224
75.9167
46.3317
351.62
97.0126
288.404
176.551
1.32352
271.302
322.622
13.3681
256.521
442.92
437.794
232.794
394.191
340.701
303.683
126.121
383.894
251.022
2.31018
458.248
253.301
37.8378
120.429
282.437
330.979
375.914
375.098
448.498
177.394
443.61
25.0529
3.95148
65.4552
68.232
324.429
379.255
459.182
335.495
352.277
69.8308
282.387
165.13
115.442
84.829
200.607
183.801
245.861
438.565
444.913
448.509
215.723
211.648
232.554
377.668
388.823
83.2602
247.058
271.313
406.33
269.533
75.2025
413.944
361.089
398.016
335.038
330.033
342.28
168.464
248.16
205.105
114.582
342.238
457.429
121.868
183.906
289.343
196.326
377.647
81.5838
295.965
170.934
429.256
184.483
161.132
34.0362
391.964
279.37
115.714
113.381
145.72
87.5756
400.822
33.8839
411.253
171.021
298.542
453.581
293.305
352.565
437.619
418.1
247.769
133.902
350.587
2.98883
320.138
403.969
252.539
415.731
62.3217
412.594
254.273
444.717
86.3917
192.612
320.602
39.8783
444.174
435.379
31.881
440.869
458.948
233.321
185.743
433.238
461.197
456.224
274.976
341.314
232.73
453.63
455.265
438.161
227.313
339.736
175.672
337.981
392.118
304.71
433.685
417.921
399.849
425.85
432.867
455.258
458.531
454.792
451.545
369.988
331.36
155.923
184.499
178.738
228.407
131.184
311.586
297.185
232.589
343.225
85.4053
305.578
43.6447
369.031
174.778
446.452
250.216
78.8196
253.841
450.222
338.822
44.6549
345.853
45.5759
404.901
282.037
379.208
360.375
283.835
232.472
271.161
278.765
171.286
378.48
441.336
445.484
99.4208
232.582
172.548
394.609
323.133
443.329
406.648
253.153
297.313
455.021
403.634
25.501
240.203
191.363
306.244
397.495
381.589
246.263
457.069
281.82
338.256
295.448
381.34
11.156
226.008
446.526
122.686
461.334
0.420136
230.408
225.221
14.6675
457.694
451.581
396.093
284.272
141.029
246.057
451.76
84.8967
294.032
341.594
67.0292
326.317
138.966
120.164
451.217
325.365
447.819
326.614
338.851
255.229
191.752
422.689
46.4549
326.907
295.838
249.932
32.369
461.91
335.298
203.679
440.636
367.882
446.019
5.00544
144.917
455.587
11.4697
345.69
168.056
335.671
445.145
221.654
415.814
454.366
323.661
207.508
2.4882
355.078
201.909
274.541
446.881
364.057
334.47
387.602
4.34494
297.132
34.2285
422.302
303.775
285.729
407.522
305.084
311.589
336.745
286.438
274.987
16.7927
2.49609
427.069
14.3679
291.466
98.8525
0.83213
400.774
122.111
14.0664
387.637
369.191
462.21
392.858
64.1601
447.127
350.732
4.8098
270.1
0.974188
178.557
172.106
232.321
261.364
384.275
18.2011
227.565
232.048
185.111
277.774
452.862
94.1628
203.624
8.02046
269.588
12.602
129.99
418.714
255.846
248.543
453.27
320.421
11.1296
424.235
452.099
457.554
357.124
273.189
396.654
221.337
321.014
297.148
12.2417
129.901
272.095
165.82
459.982
107.49
312.39
452.885
222.258
25.5306
349.084
338.833
287.592
318.414
348.289
451.137
230.986
331.459
274.105
5.17091
448.485
227.09
268.35
231.946
93.4429
184.882
143.23
275.124
456.642
234.425
240.332
429.675
321.416
345.974
179.496
447.007
319.109
402.678
265.836
178.734
444.656
302.525
324.708
275.925
151.41
387.536
0.568627
375.2
46.3806
235.906
14.2191
446.537
304.667
232.443
276.963
71.3127
249.553
208.061
405.776
368.217
449.191
298.699
325.479
214.573
311.562
264.213
461.664
227.226
13.0441
321.892
312.338
139.359
453.631
379.623
203.865
457.165
49.3349
248.454
323.079
252.861
274.495
59.5983
35.7569
98.3483
172.525
297.69
277.26
71.8733
446.106
109.786
234.451
32.9315
360.296
295.015
458.263
279.836
358.842
228.482
331.276
402.069
8.15747
308.576
228.784
232.194
461.103
7.24115
293.547
389.188
265.134
305.1
299.806
360.094
450.57
288.948
358.711
193.485
199.214
313.763
399.273
231.528
6.3779
37.8752
82.3011
199.376
2.80975
447.77
452.741
282.881
407.332
10.9999
232.999
316.132
452.07
389.198
428.805
292.718
260.717
445.489
331.182
46.6497
393.937
450.892
12.7642
365.105
368.673
382.131
278.784
450.813
29.6119
456.377
202.145
116.06
316.38
13.3056
302.225
302.897
439.671
272.318
117.926
356.18
312.35
264.118
235.968
240.239
347.809
138.474
397.232
7.1687
451.348
2.20838
348.574
260.21
383.248
309.62
331.894
231.85
153.716
101.8
461.633
443.312
191.861
411.024
96.5961
456.236
233.137
7.95316
122.011
361.164
245.15
3.17687
71.937
378.81
248.955
188.796
412.333
193.97
341.488
81.1176
461.298
448.215
415.998
224.125
196.165
416.387
397.661
110.338
114.313
171.734
410.174
452.636
184.416
348.634
57.6395
124.992
313.762
374.016
231.834
380.443
445.361
276.875
230.241
452.363
2.27797
11.7584
260.718
232.415
338.389
430.397
331.786
454.544
232.468
461.123
452.064
425.213
281.787
311.558
118.743
84.6821
311.503
308.212
230.859
457.943
340.645
458.583
412.482
49.5667
119.343
272.052
233.042
418.833
203.267
232.322
344.609
458.332
345.156
27.4036
446.353
450.914
81.7423
235.85
446.939
12.0904
195.559
133.638
450.962
451.439
444.177
450.506
309.365
458.257
238.225
185.362
164.244
210.397
455.701
232.352
12.5061
312.748
14.9189
226.911
15.8864
385.281
232.676
400.127
373.212
224.031
302.524
232.297
421.511
233.047
209.159
377.712
396.267
264.218
279.144
397.878
339.464
461.176
451.022
5.69546
368.817
326.998
156.777
453.714
251.643
391.3
453.432
194.361
227.227
387.632
310.051
421.109
9.79156
319.082
103.995
351.931
207.797
392.497
131.931
141.512
338.502
316.373
429.961
15.3349
114.001
327.459
229.099
396.553
101.8
170.528
360.395
337.499
321.475
209.786
299.662
304.864
380.015
458.46
450.488
336.262
248.467
354.226
404.181
335.191
392.348
305.707
40.6053
329.142
450.606
249.424
243.989
451.098
279.349
1.99163
464.392
241.734
390.459
448.44
454.813
244.562
401.867
309.204
455.381
460.835
223.7
297.355
377.527
330.025
446.535
308.915
334.301
454.716
385.108
453.318
176.535
0.877985
148.129
390.684
321.652
170.827
365.094
451.223
323.687
76.4542
104.193
100.504
181.726
242.532
195.638
312.203
328.263
250.01
87.8756
252.718
400.017
176.495
372.885
330.443
6.17716
417.741
178.661
14.8996
414.273
165.713
324.711
307.721
4.62457
444.185
196.005
229.085
286.7
339.521
203.625
444.887
459.906
233.433
455.232
401.56
140.815
326.296
131.993
233.514
232.41
453.394
453.186
404.776
457.918
270.251
298.407
210.877
346.908
456.822
162.032
107.534
350.388
402.593
243.497
81.5524
293.047
352.096
251.211
443.27
424.776
265.141
237.691
286.465
460.443
262.777
450.825
323.558
277.708
59.1547
297.286
277.356
286.387
456.455
13.7552
434.566
313.37
456.638
265.636
360.42
453.559
250.535
327.55
61.1928
329.654
420.858
119.149
328.764
454.094
370.494
399.139
328.66
303.745
402.852
456.666
288.943
450.352
380.258
244.601
266.18
420.612
6.8843
346.241
132.096
372.943
435.524
102.762
420.428
366.655
13.1449
212.16
354.078
287.672
298.075
457.925
305.286
115.853
459.596
454.771
112.292
454.673
232.628
454.324
375.798
448.396
246.792
437.919
444.514
289.637
450.107
311.489
451.469
365.505
74.4135
459.898
405.716
25.4027
275.859
231.46
211.082
330.86
299.012
232.846
243.16
455.154
400.387
138.902
250.918
388.41
43.2793
232.498
454.887
121.634
13.6357
182.096
42.8888
26.0947
395.131
245.612
292.276
290.192
-7.28656
235.705
61.2445
176.791
89.3155
303.57
317.535
233.042
135.163
447.16
276.305
299.209
450.029
19.5466
387.047
227.121
429.263
319.476
232.466
184.078
6.71688
435.229
297.757
274.713
237.132
459.472
43.7643
392.416
351.927
453.269
301.566
269.17
365.158
155.921
167.031
269.229
218.654
0.956846
349.566
341.271
344.635
418.019
294.563
176.294
221.59
183.407
10.5394
438.343
321.733
275.829
376.332
232.332
279.685
79.8783
428.605
448.88
457.661
406.094
297.528
177.15
337.069
294.535
367.471
4.91151
453.063
280.789
110.125
324.303
5.72344
457.867
136.235
221.435
370.1
21.9476
287.067
163.305
232.913
355.639
365.215
292.133
14.2795
369.185
274.145
457.989
362.735
338.658
325
79.419
232.536
361.572
56.4308
263.679
197.881
267.506
291.397
451.641
404.05
294.817
447.16
447.937
446.303
292.467
136.385
317.014
103.14
382.352
397.354
266.925
327.167
307.118
-1.30679
366.918
132.896
154.056
267.851
167.886
65.1189
3.10608
1.30674
301.031
206.77
349.666
315.995
-0.824264
427.671
324.952
238.436
428.508
350.599
448.234
257.926
458.427
426.071
328.21
157.068
107.542
319.442
45.1922
440.764
148.666
2.21713
398.837
203.75
213.439
456.304
272.863
345.871
287.094
290.676
213.4
312.926
436.288
288.393
307.449
446.573
151.041
68.8667
251.43
300.712
232.411
232.454
100.742
148.774
299.019
455.682
312.402
255.514
216.944
385.976
347.457
360.734
16.3558
371.77
358.176
454.356
19.3254
256.13
435.727
432.767
350.748
278.085
102.702
377.368
457.078
162.606
451.209
218.185
303.292
299.013
455.7
293.768
455.854
203.305
240.514
453.507
279.227
444.387
212.942
