23.8028
288.955
212.83
161.678
180.088
12.7951
351.234
-195.491
279.072
18.4948
-6.80846
20.7405
-214.486
-180.697
81.7419
-135.618
33.4602
70.7097
-147.633
28.5529
347.519
8.26547
121.864
-70.0249
9.79891
143.164
73.6183
17.2739
-148.11
19.9928
52.4748
42.702
62.4971
42.7701
31.2203
98.0142
-115.104
50.18
25.0617
21.4464
-38.7528
177.429
71.9983
-79.3802
69.1971
45.4129
-22.5597
-16.4447
76.3623
197.797
371.153
6.8299
263.042
97.1735
94.6997
108.674
-207.447
114.464
18.0768
347.542
12.5218
198.864
74.9783
-180.978
-57.7152
181.395
7.27558
13.1027
126.997
-74.4516
32.9862
133.419
-287.053
11.9972
-126.267
87.5705
-43.2288
-42.8658
75.8732
-216.427
43.1308
30.532
-39.0931
25.944
245.715
172.652
72.2557
33.2285
34.9295
183.028
-118.796
79.0281
110.652
19.0871
-61.4948
121.15
99.3507
-181.756
156.624
213.404
234.938
4.20193
362.168
58.3331
55.0593
-161.828
328.265
102.983
-6.42609
21.3446
212.934
12.6705
364.521
78.9269
51.9145
-86.0937
53.6629
-13.1513
306.177
216.459
-57.0899
15.1953
98.6173
161.965
369.229
46.8307
26.8053
-61.7319
214.847
109.832
56.1326
100.323
38.1524
47.4282
4.87321
26.757
50.5944
51.0428
54.7975
85.8241
10.5548
116.298
165.326
79.9668
-52.773
123.727
42.1103
70.0656
43.2093
76.0219
200.68
224.17
146.367
-25.006
111.738
-18.5641
-122.852
58.3704
88.0826
91.5953
-3.34867
99.717
41.1518
52.4864
202.339
76.5592
87.2516
-44.4901
-127.035
-337.41
19.6244
144.115
-92.0939
14.9528
16.8049
84.4814
-68.5422
22.9144
74.5609
-47.5692
39.3686
-101.014
-5.06019
83.4467
-86.9531
86.6369
-142.324
34.6872
198.822
113.527
16.1197
51.2084
2.47225
9.85697
19.3645
29.9061
-130.328
48.4957
6.50308
33.7946
4.63946
136.199
-115.825
96.2822
8.57164
-113.553
-38.4323
111.339
-48.6536
-21.5674
42.1217
15.4118
223.403
66.9759
232.541
-130.131
164.296
-365.358
158.657
-59.8343
78.9329
24.2078
107.691
152.761
341.043
-21.3171
106.967
24.1602
-117.084
-20.3594
-83.0946
-176.345
-19.1271
-179.099
115.063
-30.1428
-48.0987
-319.946
373.699
10.2559
142.642
109.925
101.88
161.083
-30.3708
-6.03561
8.93093
-12.1596
55.4959
-86.5717
15.5293
-43.2063
84.4605
159.845
12.1268
-378.361
107.19
-82.1666
148.335
119.896
296.584
38.1266
-96.7157
160.973
30.4417
-53.0021
125.535
237.763
64.2058
118.398
-13.4445
363.763
14.3306
28.2293
61.6742
26.1823
14.835
-122.398
68.4694
-13.0672
48.3952
37.8005
32.9688
118.485
83.3023
-43.9853
154.77
314.426
11.9208
-66.0518
79.8067
344.815
56.3265
31.3021
21.4753
20.5185
51.5945
65.5859
-44.8162
-1.17676
9.90266
94.1938
25.5479
12.5402
377.775
12.2689
-16.4412
175.945
50.2512
172.755
238.033
37.3202
32.5209
-361.297
-31.9015
121.104
122.662
362.241
76.7399
17.3684
22.9098
165.557
-31.3007
-29.9978
38.6313
-31.3698
-26.4844
342.763
152.583
-150.813
41.0942
41.111
11.268
-188.964
161.799
71.5353
-142.409
131.017
-40.7759
195.288
-62.6248
13.9914
216.517
161.326
36.9854
19.5458
53.3217
220.402
146.463
-368.217
46.2219
56.9924
78.403
108.975
14.2677
73.929
49.79
121.75
160.321
158.827
107.564
34.981
146.667
93.7161
9.7753
160.599
93.6726
33.1292
201.492
138.183
175.762
94.8388
-60.3806
137.398
53.9185
9.85055
52.1192
35.7637
7.57407
-19.4482
7.11272
258.112
87.3793
-51.7735
165.761
8.36727
170.125
19.3624
-26.0242
54.1008
-106.759
-42.8055
18.7723
-7.31356
256.763
52.3721
74.762
56.4195
43.1039
58.2368
5.74119
-8.32766
107.999
126.361
-14.7586
-66.3861
314.85
157.582
52.9636
99.3081
-13.4517
-4.72462
45.9628
-24.9119
54.0312
-181.998
-28.0798
46.5601
61.5732
187.796
41.1761
184.341
166.021
347.506
8.07652
203.447
27.4516
-362.644
21.0154
25.5367
148.618
119.527
53.0159
306.578
37.956
18.2849
183.091
122.733
6.74989
-17.1943
113.607
62.6017
40.4429
-27.7105
167.194
347.725
197.827
309.95
21.7982
1.55615
232.733
74.0674
37.6856
240.937
-150.169
23.3095
-169.97
47.0704
20.5703
242.226
28.2732
107.832
-92.8664
143.168
-111.876
12.3572
41.6619
47.5338
74.808
47.9818
154.829
32.0183
146.171
21.8359
-178.461
-138.583
240.859
59.514
60.8885
66.0501
32.4704
253.144
67.0164
349.057
54.37
379.857
62.6039
-11.5795
32.6432
-62.246
207.972
12.2779
190.803
40.6664
156.101
98.7854
-25.0826
257.147
19.7494
129.088
195.081
34.7166
197.266
-12.5875
1.7022
7.53261
56.0902
109.736
300.8
50.4246
142.131
15.1737
13.3711
133.674
255.24
138.539
-134.727
349.583
-9.23885
-48.5363
-60.2189
40.5364
114.156
-157.026
186.991
-3.23474
323.456
13.6034
37.9307
145.676
19.0678
-61.5502
106.844
305.335
116.144
-45.0312
146.651
-368.126
-366.054
162.297
-144.108
148.138
136.426
141.762
-40.0516
88.1084
-9.34889
-76.3568
-30.7531
157.106
201.943
9.27602
43.3588
12.2912
187.512
-29.6348
270.09
36.0872
10.7988
-253.872
26.8151
25.1332
234.534
-281.436
-3.6539
169.249
-14.5225
138.699
64.0816
58.9511
25.9711
167.019
25.4735
34.8156
-2.01341
137.238
20.6407
44.5014
22.0355
22.7143
55.6658
-23.482
366.424
-103.053
53.4376
-14.3588
-68.1392
24.8154
-73.9458
164.132
150.014
297.664
265.437
364.892
75.8759
-59.2036
-153.772
-18.6798
221.018
100.821
91.2418
98.2614
166.237
-23.2662
-131.278
-100.423
30.3689
49.1813
45.7464
43.0007
83.7693
-343.146
108.955
113.314
87.7479
-17.6767
342.065
165.104
61.6554
131.628
11.1091
80.5145
193.658
109.732
-164.826
372.047
362.643
-57.9442
30.8224
13.8636
-113.951
18.7093
354.678
19.3774
205.016
166.377
-10.1994
13.0797
89.0114
-30.9049
-366.848
-25.7418
-42.8687
33.6991
145.229
28.2664
-129.871
22.8673
38.0086
56.312
-230.385
49.7551
83.0874
24.1092
208.625
-232.78
279.733
30.3793
7.51381
255.614
-181.305
96.5112
195.298
10.8206
-67.9198
97.9992
151.829
4.69878
-174.848
67.9875
274.678
-9.77748
-69.9104
-363.996
-41.6225
21.1147
103.666
-23.0935
362.159
100.137
11.6694
175.357
43.7302
213.724
-119.07
236.396
113.487
56.9237
-23.7314
217.229
29.0938
27.6178
83.9835
36.4523
-89.4796
-85.5347
-53.1148
141.97
72.201
367.876
22.7487
4.54972
88.7936
223.67
48.827
-84.9147
34.0062
53.6654
-83.8077
34.2139
-271.732
-37.0573
45.5809
-48.1798
-10.3703
167.653
-98.3356
-102.736
102.163
-125.918
26.4478
187.069
147.08
57.5083
96.9155
1.82293
27.0162
102.822
128.043
168.721
183.06
90.6858
-33.9229
79.5395
17.4597
-121.11
95.2397
163.528
43.5002
55.0527
25.1686
73.4458
77.6855
39.7017
-149.246
82.539
27.9686
82.5776
84.9875
128.918
210.806
-18.1623
29.3664
22.9522
21.712
89.4705
-364.066
64.1306
-32.9833
208.095
364.993
-169.735
260.473
-81.3385
-60.4013
211.287
-13.1937
-28.0913
43.379
19.4816
179.893
269.651
209.935
58.5047
224.812
233.082
-21.2347
-5.27621
108.384
53.2137
-13.83
163.847
16.6044
-20.437
94.4863
146.129
47.4715
79.2226
118.978
134.503
225.743
274.971
43.329
-60.8026
5.89488
20.0977
140.146
131.296
109.957
35.8521
-48.8097
256.581
125.099
50.638
8.67986
-108.14
259.473
164.507
160.901
-86.3799
-29.8296
-121.95
14.4789
163.16
370.146
87.4911
-173.086
29.6145
141.42
-25.1777
225.409
89.7171
122.623
-88.8737
-72.3377
68.8288
9.58975
-12.4425
19.3961
103.327
41.9621
73.4555
162.574
101.836
-57.6848
85.5278
-101.77
-52.4149
236.695
72.6489
104.767
3.7201
29.1725
48.5876
132.251
26.9442
92.1609
-8.967
62.0994
64.4674
61.8473
30.5537
-29.2231
128.465
-142.018
67.0085
44.0639
155.068
-126.411
70.7489
-205.295
31.0379
90.7951
40.1806
125.997
73.4962
-49.9898
19.4396
-67.8127
73.9041
74.7832
61.0182
-63.1092
19.435
241.613
82
15.5275
-61.4765
123.529
33.622
-42.6165
129.108
26.7708
-226.259
55.6004
59.8256
-7.18369
91.5117
89.6849
370.046
88.022
108.916
28.2777
-344.457
40.9751
65.5745
375.734
-56.0776
170.082
41.874
-10.4357
-1.48618
41.763
323.602
-11.5324
-68.3515
25.7969
63.3448
72.1905
92.9623
71.614
56.3357
-8.94243
-58.4929
110.229
23.0007
144.103
188.081
83.3016
-75.1392
175.875
95.1577
-178.983
15.1279
-2.21928
-4.96387
0.68476
141.809
344.148
-6.7713
41.9572
-26.4438
23.0274
162.134
-13.9669
277.383
144.508
115.168
144.776
67.4238
128.705
115.728
85.3914
63.3726
13.7815
-256.133
-20.2245
37.4515
22.2649
8.73857
26.4189
47.5204
72.4616
-46.1063
119.439
45.2103
19.5064
-149.498
-20.1047
32.7028
11.0692
162.749
105.118
147.467
-48.6701
-56.3005
13.5018
102.089
84.5114
25.7721
7.37109
347.071
239.646
-177.513
-53.6341
252.312
15.55
44.4375
192.675
-42.7252
63.2585
178.492
-53.5688
238.359
31.5176
-26.5526
15.4685
130.482
-70.5722
282.89
4.29904
-0.286528
15.9709
63.9096
106.688
343.241
164.244
15.3888
59.9023
30.6163
229.521
105.409
50.9144
163.871
102.716
10.3557
56.9859
54.1889
76.3113
-116.946
92.5859
-166.636
180.447
-170.28
33.6565
74.8347
-108.533
-167.879
56.832
-112.116
-149.065
78.2363
-137.927
160.242
140.993
25.1833
36.328
30.81
80.0261
-37.9017
118.899
164.403
-122.226
261.755
-105.851
209.461
59.0898
197.811
11.5837
5.82211
40.5511
79.8098
-109.279
177.595
91.8015
72.6839
4.9816
35.5958
218.358
-85.4545
9.38641
-163.058
-21.4545
-161.433
-19.2249
62.8343
26.8578
50.9156
-27.8962
-105.182
49.6412
40.2254
11.1536
165.502
106.485
-16.0862
5.92436
-64.0052
116.975
38.2412
42.8049
57.3464
98.0398
-29.2374
-70.1296
-58.7661
42.9084
-113.243
187.224
39.472
-224.239
-136.929
-51.9397
266.512
12.495
90.7916
41.6994
254.57
-50.8381
240.964
19.4932
53.179
175.523
193.225
86.3706
139.761
-150.374
33.8399
-115.109
93.7816
251.576
-26.8697
-167.247
101.924
-29.2116
157.536
-280.164
197.671
86.3804
10.0534
-142.349
-141.411
123.811
17.721
127.912
48.7717
27.5795
-251.491
135.649
36.571
-29.6963
-72.598
-11.8293
32.6476
55.786
86.5408
-128.855
146.434
63.1377
86.5568
22.2048
80.4143
202.738
7.0735
-50.8437
-24.6339
196.288
125.586
73.4211
-31.8741
22.6274
72.7896
-67.3499
139.732
161.875
36.0256
71.4331
22.2007
256.096
-161.946
22.5062
173.943
31.8866
15.6491
23.4799
64.3792
18.2136
36.5664
98.477
-71.4068
246.105
-109.614
15.7736
182.972
47.8673
244.303
-64.1621
4.38212
18.4112
-111.197
127.96
13.6584
153.388
-366.268
-23.4281
175.752
-197.274
89.7753
179.216
105.887
-60.5019
84.5845
4.08534
92.2042
91.6866
-41.0562
-109.929
63.1688
63.2061
28.1948
-78.5133
-26.1741
-79.5742
298.832
18.1196
16.1411
31.8956
38.0415
400.351
364.655
42.8145
-66.5327
54.6142
53.9043
188.33
60.0398
7.37904
-16.2661
222.511
-84.8297
26.1539
146.978
51.6184
-179.727
87.9214
80.0609
-109.732
68.7421
-16.9018
68.0602
11.2283
124.732
106.687
-362.629
94.008
47.1078
96.1282
219.804
-134.894
-140.142
26.6371
-34.2522
47.4695
181.531
347.52
66.065
7.61665
11.0166
-98.4702
79.9522
-13.3069
37.5418
370.475
-33.32
130.1
364.53
8.40348
227.683
97.0745
362.039
45.462
108.639
-16.8124
162.913
367.014
103.244
55.3669
-8.53364
189.688
100.624
66.7551
133.251
344.463
45.6054
114.588
-25.7718
184.305
14.1895
91.0283
40.8417
80.3833
24.4967
141.961
11.0634
234.067
366.413
-64.7524
22.5857
45.2258
245.556
36.1192
91.7414
127.937
172.267
-55.9394
-223.733
45.8574
81.4955
-126.781
26.2752
10.3121
-157.406
233.011
107.028
-155.521
-279.28
52.4778
5.78241
77.5124
343.535
23.3748
26.1814
33.4397
168.81
234.208
138.752
129.169
17.802
89.9165
-243.149
25.2333
9.32137
347.796
-44.8805
211.233
195.93
68.9373
344.528
-343.608
148.142
3.48455
103.474
-44.0898
-80.4016
17.7516
88.364
60.5972
-98.7886
-77.0159
63.1403
14.9624
55.3087
-208.689
24.7213
75.0175
148.262
-21.3143
17.0715
5.70155
25.4223
-32.7184
64.7026
26.7366
194.386
21.2837
19.1459
132.492
-15.8127
351.663
112.018
13.7149
-38.9051
-26.9983
70.8688
56.9883
116.638
44.2309
-103.833
43.8284
14.9137
35.5209
346.588
118.243
253.79
67.2008
155.566
79.2718
135.695
-48.3686
9.18337
103.106
216.481
151.337
7.90641
-46.3756
-185.948
35.7144
65.4368
18.0289
18.1729
-84.4527
125.234
47.0921
47.1766
131.415
-15.3452
120.415
137.76
376.902
151.791
37.5893
5.22486
12.3492
147.159
-40.6942
-143.923
73.5868
42.1723
-92.2345
60.9915
-98.3934
-65.3357
-41.5915
13.9218
119.1
85.1804
110.035
42.9625
60.2405
75.6442
69.2317
-78.1175
84.5516
119.998
-184.847
89.8868
-169.133
59.437
169.981
157.847
-39.0805
-88.0958
17.508
250.238
-28.4067
-59.9211
-27.9818
15.767
-56.4696
64.1488
70.4714
64.1946
126.327
49.0056
-43.9364
20.2882
-77.7458
105.429
-9.22031
48.326
-4.51816
350.516
76.2591
93.9331
25.2201
156.087
138.919
-86.0327
70.4415
152.662
37.6187
202.083
-14.0095
15.37
-242.008
70.3659
115.268
-23.2169
-53.4748
105.731
-99.0489
-26.4319
-35.0622
-40.7133
-8.8932
-5.55483
-121.348
152.621
21.6225
240.254
25.3601
-41.9337
-184.968
-40.9281
-37.239
295.918
266.086
166.249
348.739
26.3912
121.68
-86.5235
-40.4011
15.207
-12.8186
44.6425
4.73237
-51.4136
369.484
116.416
-29.4565
67.0912
-11.5579
22.4957
71.1245
123.541
-204.697
165.583
-215.026
-9.64235
8.33681
78.3778
10.2058
140.954
57.2804
238.03
20.3018
115.07
59.6938
179.949
-157.355
-161.037
114.54
-8.7307
-4.04243
89.9593
23.6634
-105.529
14.3981
40.3765
-203.549
37.8763
100.349
-63.4398
10.0738
-24.442
98.6273
70.1791
39.2013
14.2041
92.68
-146.95
-99.3402
52.9058
237.936
43.8476
119.709
40.4401
-33.6879
18.8343
-93.1114
139.476
-22.0827
103.801
28.3969
-72.1235
-95.9867
258.661
41.4292
-55.6695
84.8387
67.2558
17.1708
-30.779
57.6642
154.537
43.4462
-86.9521
53.74
-18.5236
48.5942
-20.2281
83.413
11.4415
135.718
349.909
363.247
20.8437
-126.772
65.6037
11.3983
25.995
28.7207
158.524
-28.9355
-51.3525
12.6852
89.3327
57.9712
95.0794
-18.159
345.833
-192.385
-74.1322
171.142
74.4863
67.6298
206.97
-339.109
153.777
194.82
-7.15268
20.7532
-118.913
-71.7122
-244.231
-20.7967
-6.72338
52.1537
-134.361
21.7152
14.7953
32.6691
90.2048
-1.62748
-94.3705
-37.9034
-120.339
71.9321
-5.80811
146.873
-1.97365
191.451
57.0479
-132.841
135.626
73.6646
-65.2766
-365.349
96.0527
56.5885
33.4093
-128.392
169.894
-45.7532
53.3639
67.0216
10.3316
24.3979
203.336
139.988
34.3416
41.2543
264.226
30.3188
-293.913
81.902
60.0588
-111.116
-35.9089
121.373
107.717
42.3291
21.831
-49.2176
-361.11
-48.9613
93.228
40.7951
-38.7917
14.0133
10.3072
236.308
-21.8361
88.775
150.806
-40.9636
86.082
226.064
126.222
19.1527
259.747
13.9857
43.2118
-78.4212
216.501
67.272
8.60899
-29.8344
178.751
