590.084
549.159
604.288
393.095
575.215
588.411
593.462
603.273
608.903
505.775
524.176
588.837
505.089
602.038
232.968
597.643
594.304
593.309
448.682
560.076
364.562
586.263
407.703
508.181
582.994
601.288
589.153
587.729
464.462
546.795
591.823
357.588
593.389
201.578
253.751
593.044
596.544
592.1
373.191
590.148
591.173
602.631
595.864
597.424
597.601
592.611
464.704
588.827
572.157
559.949
298.311
440.224
613.556
595.367
592.625
535.635
607.177
506.251
530.034
560.36
591.664
536.787
593.564
601.276
414.136
501.375
587.807
481.98
600.086
592.131
587.972
393.724
501.013
591.092
574.997
594.609
383.293
584.675
588.927
603.182
469.444
589.398
308.167
562.734
545.545
599.509
591.91
594.602
592.64
604.469
541.655
593.625
592.796
591.891
590.89
596.414
594.962
599.316
599.247
585.121
538.133
588.454
415.861
593.401
590.654
381.704
408.546
595.591
513.424
589.667
518.199
588.826
402.033
595.803
604.69
371.545
592.335
594.311
529.339
602.376
600.774
588.716
594.777
593.842
324.243
591.223
601.333
450.904
603.536
562.492
446.545
488.258
558.04
593.68
566.075
325.675
591.228
589.953
588.905
441.696
398.931
598.356
600.555
591.584
594.329
321.669
589.891
591.815
550.23
592.546
585.877
604.631
599.557
590.4
517.237
256.038
586.993
582.099
597.073
595.373
571.014
566.579
591.345
593.37
454.98
596.533
594.085
540.235
594.846
597.211
352.663
599.962
244.591
569.356
595.962
594.907
470.906
287.185
590.046
454.028
485.493
486.065
382.255
595.109
519.293
592.402
602.288
593.873
353.146
599.879
599.419
591.625
592.91
588.254
587.517
508.707
597.866
603.407
591.253
588.661
589.446
601.137
599
471.383
591.399
584.529
589.248
598.139
591.511
597.414
216.727
595.684
488.514
590.408
605.147
436.162
600.8
435.976
600.781
391.861
595.252
582.249
594.262
586.375
593.372
536.719
597.523
590.071
583.997
582.374
592.142
601.034
600.71
567.816
596.221
591.202
339.98
604.405
194.318
591.813
602.947
582.179
597.691
564.697
592.336
587.138
589.681
585.15
479.534
588.651
591.517
579.771
176.757
600.222
592.709
320.976
595.439
599.343
587.298
596.129
609.913
119.422
591.093
432.604
587.087
503.474
245.622
605.979
592.12
599.073
402.756
576.06
527.844
594.879
592.864
555.568
554.943
594.809
608.816
299.77
247.778
568.406
590.553
594.324
590.886
381.32
497.434
451.846
590.131
592.619
591.117
499.371
591.781
567.345
592.01
593.052
594.899
445.754
592.196
581.034
589.337
592.864
591.114
583.848
451.127
583.299
591.101
608.619
591.282
603.128
608.401
511.246
593.825
194.359
591.133
235.131
496.761
224.276
593.554
572.89
518.602
600.245
595.652
193.942
415.629
535.51
603.277
351.848
598.774
599.582
550.542
591.228
337.952
600.673
603.147
596.011
326.12
597.694
591.993
602.356
590.71
593.746
605.687
445.09
588.332
588.909
355.787
435.331
597.023
452.808
319.256
574.789
592.817
344.937
460.258
594.233
588.755
599.933
598.749
597.444
597.919
589.5
400.795
490.475
591.989
520.336
172.254
590.977
604.906
606.111
603.262
596.623
456.823
600.968
410.385
583.029
533.818
432.454
590.4
599.833
589.756
607.451
592.076
592.029
601.706
589.12
605.078
597.508
591.437
171.257
555.53
598.829
584.418
289.703
278.161
593.028
476.073
593.745
299.4
594.587
497.689
586.211
536.129
594.559
344.201
588.631
583.047
512.391
598.89
596.167
236.178
589.223
591.918
206.114
590.2
603.526
586.018
597.456
352.384
292.891
594.316
601.224
480.873
425.396
493.439
601.945
610.629
521.437
592.254
427.937
232.744
235.519
549.64
610.437
453.032
588.347
601.071
597.71
592.343
349.319
395.261
519.811
585.244
463.662
598.744
543.037
596.693
379.109
449.56
587.497
384.341
492.92
592.806
321.788
493.633
457.161
420.327
170.111
592.518
607.594
591.729
456.308
293.646
597.751
606.101
589.967
597.81
588.103
319.546
586.43
218.074
592.981
358.342
593.349
599.516
594.918
609.096
403.107
589.085
386.389
584.859
443.131
440.363
458.083
335.634
380.362
594.358
492.254
327.856
463.673
602.759
366.753
603.956
595.191
601.63
438.542
299.425
607.956
486.921
297.597
599.849
355.868
608.378
513.987
436.452
418.839
606.758
361.847
471.911
589.03
523.446
588.983
567.047
599.078
609.759
596.633
598.171
568.612
367.813
406.234
544.691
591.27
526.479
533.046
603.094
570.371
577.945
585.164
586.356
347.365
588.231
588.118
353.41
406.695
597.035
462.564
411.055
541.264
472.438
471.402
256.165
597.141
600.582
542.086
256.404
494.577
499.286
495.688
122.37
599.228
603.921
261.873
200.556
589.135
602.069
593.169
486.315
604.999
590.886
429.657
595.028
445.658
516.519
600.391
367.169
248.464
480.957
599.969
564.83
607.084
589.389
603.492
589.21
592.966
587.229
461.843
434.627
590.112
589.355
590.816
368.393
433.543
473.853
596.349
562.401
382.184
591.184
216.004
379.039
599.733
602.199
609.595
492.361
271.276
413.386
569.432
598.982
557.229
563.848
591.998
593.981
597.606
557.247
262.862
597.006
568.588
591.586
594.397
592.376
497.137
595.623
520.119
511.302
556.536
480.011
596.128
184.66
600.012
593.327
598.41
591.792
245.185
528.932
522.662
604.139
184.028
417.847
598.671
588.503
589.223
550.591
590.556
578.417
597.077
326.975
602.095
592.612
260.139
596.684
423.011
440.34
595.331
470.382
471.136
601.891
592.495
597.284
590.08
275.731
596.094
252.374
274.226
594.562
588.584
605.64
596.965
292.002
589.786
590.414
566.002
406.696
600.818
148.658
166.425
576.287
594.401
408.258
591.976
546.129
593.559
591.427
588.192
382.147
251.687
592.795
560.219
438.017
591.259
578.7
493.637
589.272
554.733
596.165
535.866
525.183
601.472
602.308
596.619
500.729
604.423
543.951
589.674
514.577
250.861
590.988
582.557
594.161
599.305
562.259
464.658
588.293
588.493
565.596
605.221
590.523
340.382
576.63
512.215
310.671
590.917
604.249
460.465
593.675
599.158
383.4
457.156
344.07
595.156
379.354
583.417
601.265
428.548
596.614
587.506
439.556
600.298
596.33
600.912
587.879
604.698
331.613
595.631
278.271
439.569
452.29
301.201
597.024
600.178
600.808
579.862
600.708
433.282
592.134
237.72
599.394
597.905
596.382
600.173
597.861
464.284
494.826
242.509
590.855
596.501
591.353
304.13
394.65
595.131
506.58
602.414
526.652
520.338
429.927
593.617
407.632
220.363
593.46
594.206
589.903
532.303
603.349
580.479
599.116
593.387
604.444
606.321
530.411
338.378
597.367
475.409
507.309
597.703
447.609
605.742
601.628
599.697
588.467
591.544
603.972
593.033
600.825
608.879
593.106
590.65
583.409
591.695
362.083
332.87
595.688
591.624
588.231
430.238
411.055
593.492
372.046
598.669
591.871
562.338
591.493
594.758
152.687
603.332
371.248
477.413
429.531
598.16
596.083
470.494
600.056
588.197
604.261
600.021
596.834
548.623
595.81
378.555
323.807
501.45
561.662
595.944
589.356
314.356
600.598
337.821
589.026
592.64
592.072
395.118
585.639
200.319
569.122
592.556
557.174
330.038
427.494
594.511
596.66
545.363
591.38
286.486
589.582
599.866
588.678
555.797
462.441
356.934
417.671
490.412
596.991
595.503
602.751
351.908
594.374
589.67
597.298
522.262
602.476
599.01
591.337
493.237
595.902
594.23
590.129
566.511
304.132
593.14
589.933
598.095
443.739
591.622
593.806
597.865
594.812
553.582
586.844
594.641
239.59
593.121
196.787
456.232
593.049
599.294
270.547
551.327
570.989
588.53
607.083
584.318
599.962
569.716
586.258
580.44
353.281
422.107
79.296
548.394
243.139
437.015
410.566
597.641
600.884
578.782
490.452
394.918
596.525
588.35
596.358
606.339
299.791
485.765
229.387
443.947
366.36
591.133
575.355
581.385
571.457
596.522
455.816
503.628
550.025
463.038
545.856
559.327
367.653
608.639
508.835
600.088
596.079
590.59
595.136
601.853
599.23
593.149
544.921
570.217
591.284
588.143
587.972
340.241
594.855
592.655
293.751
595.552
598.47
359.913
588.862
484.469
172.093
584.167
592.4
598.018
535.816
600.762
500.377
548.355
596.636
594.005
596.856
397.055
589.704
530.21
559.218
597.949
591.527
547.872
591.682
551.404
394.432
309.971
366.966
334.272
295.667
518.563
597.589
584.723
593.936
600.748
591.254
605.921
588.918
577.9
597.081
592.554
594.291
547.044
476.994
301.172
351.562
589.115
606.714
371.388
589.655
603.147
543.853
363.331
588.376
411.239
576.69
593.202
599.429
603.452
448.448
592.846
588.151
592.368
575.805
470.975
595.983
318.471
602.515
368.373
442.495
534.34
597.087
590.115
584.671
591.056
584.053
592.153
596.254
596.301
554.391
557.094
599.026
602.814
458.128
602.034
590.663
586.462
550.433
329.739
476.953
599.304
595.413
594.317
385.973
594.848
604.744
500.345
597.154
602.083
591.809
514.373
442.172
491.771
589.884
563.057
172.619
599.6
589.383
540.206
589.588
543.549
595.526
581.774
292.286
411.202
600.953
593.896
209.482
283.026
595.665
588.428
592.376
587.726
420.865
554.878
318.423
593.098
478.631
597.027
400.259
607.255
590.298
598.293
589.842
607.886
589.698
569.76
587.668
536.246
599.121
602.573
596.603
197.634
599.485
546.275
571.338
589.143
606.55
305.687
521.747
594.389
473.938
601.324
604.255
607.624
400.011
594.22
597.768
313.379
405.278
584.969
606.454
438.188
591.102
589.789
412.515
594.928
249.081
393.756
592.027
589.547
593.509
592.243
599.251
607.74
416.141
594.343
204.856
593.616
603.073
589.537
546.317
588.35
603.92
526.648
198.413
590.886
596.038
599.027
596.728
486.588
598.686
591.107
592.229
196.719
219.691
440.416
599.178
408.279
599.623
586.08
577.691
593.032
372.06
597.061
369.391
560.303
481.984
598.449
592.266
321.297
421.057
608.416
457.903
589.232
588.948
586.386
409.239
586.928
539.883
462.553
599.089
515.173
601.403
589.327
602.086
598.63
266.006
590.653
583.572
591.966
485.499
241.607
363.425
597.49
600.699
310.851
597.673
591.418
595.074
609.147
596.805
591.765
447.449
591.196
402.753
582.024
498.481
592.927
298.594
604.349
425.113
600.227
589.257
329.478
608.569
599.541
109.801
532.485
592.047
600.53
367.328
592.798
500.607
592.704
556.878
595.168
590.533
596.608
594.303
329.027
568.391
593.139
561.466
589.321
209.532
596.56
241.052
494.695
602.188
600.843
527.492
476.482
595.017
592.689
556.493
593.694
590.225
446.176
440.798
221.289
597.467
439.22
592.127
606.667
423.074
435.533
572.052
516.453
367.043
602.832
282.832
588.556
592.448
593.633
605.38
594.144
590.603
274.048
386.427
591.718
592.178
581.765
402.593
595.741
595.29
587.039
592.517
588.719
609.062
409.053
606.348
505.887
590.537
535.217
586.329
594.252
247.998
593.966
509.903
571.785
464.912
397.456
367.778
476.414
405.618
592.545
465.797
318.346
344.648
600.34
597.42
604.097
593.177
226.283
592.89
609.268
601.568
590.365
441.123
601.688
468.858
600.349
597.326
589.291
599.147
604.218
211.588
587.373
541.581
398.144
607.736
604.65
572.883
536.091
520.03
598.1
595.649
599.605
370.863
590.824
584.493
242.12
590.272
517.721
594.145
596.296
386.574
592.588
603.181
588.414
593.084
284.496
163.149
397.204
590.699
590.178
590.145
594.406
604.685
439.021
585.934
599.867
598.687
593.425
473.57
600.757
588.058
570.831
556.914
485.946
597.479
608.63
588.609
593.279
592.228
589.463
587.921
491.783
600.451
421.982
593.633
564.421
593.129
596.26
592.121
586.685
600.762
349.807
596.597
588.085
451.924
510.503
585.259
335.005
587.694
586.979
600.025
389.696
459.291
590.632
548.591
332.003
588.711
597.343
291.585
435.398
589.451
539.019
586.633
502.01
596.042
599.915
592.251
233.313
192.736
432.044
593.469
592.177
505.308
589.641
482.157
604.836
594.193
460.152
292.389
591.164
589.587
580.831
458.578
596.974
599.43
594.311
601.239
596.459
600.66
600.702
328.848
352.419
562.401
604.333
586.821
563.198
474.075
594.635
585.2
367.955
599.024
601.375
593.179
604.409
210.687
498.67
588.828
595.534
461.414
423.149
598.267
508.039
321.672
540.741
595.863
142.254
604.062
587.397
262.453
599.256
591.559
602.815
586.782
584.621
503.042
117.355
596.35
521.501
588.109
597.516
587.499
391.451
559.608
594.003
329.867
572.779
574.673
546.834
592.241
605.899
590.718
582.152
443.808
590.118
413.205
522.39
519.409
325.499
557.203
565.439
599.921
599.643
559.396
588.449
517.382
349.525
583.095
590.093
465.018
459.432
325.038
594.289
558.313
605.157
590.678
438.179
603.385
247.522
597.004
587.778
588.128
365.786
589.484
598.61
558.474
448.132
592.174
593.855
593.2
580.949
595.584
602.307
526.09
590.83
575.055
596.676
525.514
596.361
596.143
594.593
602.961
591.106
594.334
584.25
464.755
569.574
594.809
296.534
563.032
593.882
313.157
404.971
595.088
592.471
575.7
559.436
264.697
590.466
480.591
590.622
249.181
506.947
592.351
597.469
590.75
565.056
344.895
371.892
584.485
411.966
397.539
593.587
246.454
588.405
592.602
603.824
591.901
593.566
278.715
595.34
585.904
588.109
601.038
348.567
349.31
442.554
571.011
500.755
597.891
590.597
471.975
287.92
377.158
543.153
420.237
537.09
454.141
533.621
594.378
592.53
445.462
583.125
578.96
591.71
603.22
595.58
589.387
387.09
456.872
438.495
550.018
590.014
595.718
603.792
590.801
560.722
577.491
586.882
533.034
598.149
587.747
308.508
594.12
561.053
590.519
592.266
592.897
598.866
591.582
592.165
531.145
563.142
394.979
592.36
364.086
600.176
603.719
589.899
554.337
500.921
344.94
189.674
568.384
575.442
301.78
593.359
596.247
459.483
490.084
602.361
597.047
533.895
591.272
608.906
593.621
586.121
535.159
593.413
313.02
504.97
598.734
595.147
590.65
341.292
488.498
431.68
602.227
518.764
562.468
594.127
592.249
588.22
414.653
470.175
590.875
433.341
592.539
437.271
606.494
595.394
588.014
475.01
588.206
588.746
591.853
601.8
571.073
586.418
407.35
603.652
